seed,iter,eval_count,elapsed_s,current_sum_iqc,best_sum_iqc,delta_vs_baseline,delta_vs_best_prev,accepted,improved,perturbation_strength,no_improve_streak,local_search_accepted_moves,applied_perturbation_moves,t_initial_eval_s,t_initial_local_search_s,t_perturb_s,t_candidate_eval_s,t_local_search_s,t_acceptance_s,t_bookkeeping_s,t_logging_s,t_iter_total_s
2286,0,60,0.0,43.3048,43.3048,1.0762,0.0,True,False,10,0,25,0,0.0013880000915378332,0.08568889810703695,0.0,0.0,0.0,0.0,0.0,0.0,0.0
2286,1,126,0.18467124295420945,43.4488,43.4488,1.2201999999999984,0.14399999999999835,True,True,10,0,25,20,0.0,0.0,0.0013583400286734104,0.0013136351481080055,0.0942057529464364,8.377013728022575e-06,1.0703923180699348e-05,5.963188596069813e-05,0.09697323082946241
2286,2,187,0.2747875340282917,43.6358,43.6358,1.4072000000000031,0.18700000000000472,True,True,10,0,25,20,0.0,0.0,0.0013925970997661352,0.0013709620106965303,0.08725382597185671,8.963048458099365e-06,1.0301126167178154e-05,5.0581060349941254e-05,0.09010514779947698
2286,3,268,0.3935054719913751,43.6779,43.6779,1.449300000000001,0.042099999999997806,True,True,10,0,25,20,0.0,0.0,0.0012809890322387218,0.0013754800893366337,0.11596913007088006,9.198207408189774e-06,9.936979040503502e-06,5.118013359606266e-05,0.11871617590077221
2286,4,346,0.5080011831596494,43.71319999999999,43.71319999999999,1.4845999999999933,0.03529999999999234,True,True,10,0,25,20,0.0,0.0,0.001278062118217349,0.001381235895678401,0.11174524598754942,8.248025551438332e-06,1.0763062164187431e-05,5.086720921099186e-05,0.1144943698309362
2286,5,450,0.6602316440548748,43.71319999999999,43.71319999999999,1.4845999999999933,0.0,False,False,10,1,25,20,0.0,0.0,0.0012976289726793766,0.0014120140112936497,0.14943269989453256,3.600027412176132e-06,9.721145033836365e-06,0.0,0.1521769731771201
2286,6,570,0.8354759439826012,43.9121,43.9121,1.6835000000000022,0.19890000000000896,True,True,10,0,25,20,0.0,0.0,0.0012534491252154112,0.0013973168097436428,0.1725521811749786,8.795177564024925e-06,1.0479940101504326e-05,4.760501906275749e-05,0.17529005487449467
2286,7,687,1.0064754651393741,43.9121,43.9121,1.6835000000000022,0.0,False,False,10,1,25,20,0.0,0.0,0.0012504998594522476,0.0013592708855867386,0.16830675792880356,3.564869984984398e-06,1.184898428618908e-05,0.0,0.17095243791118264
2286,8,779,1.140987535007298,43.960300000000004,43.960300000000004,1.7317000000000036,0.04820000000000135,True,True,10,0,25,20,0.0,0.0,0.0012642769142985344,0.0013638949021697044,0.1318420220632106,7.956987246870995e-06,1.1204974725842476e-05,7.773400284349918e-05,0.1345874909311533
2286,9,897,1.3133194730617106,43.960300000000004,43.960300000000004,1.7317000000000036,0.0,False,False,10,1,25,20,0.0,0.0,0.0012703179381787777,0.0013663398567587137,0.16957929404452443,3.435881808400154e-06,9.902985766530037e-06,0.0,0.17225064779631793
2286,10,1001,1.465298789087683,43.960300000000004,43.960300000000004,1.7317000000000036,0.0,False,False,10,2,25,20,0.0,0.0,0.0012560230679810047,0.0014403460081666708,0.1492476360872388,3.3730175346136093e-06,9.783077985048294e-06,8.591706864535809e-05,0.15206405986100435
2286,11,1121,1.6406536949798465,43.960300000000004,43.960300000000004,1.7317000000000036,0.0,False,False,10,3,25,20,0.0,0.0,0.0012763089034706354,0.001376597909256816,0.1725794179365039,3.3120159059762955e-06,1.0212883353233337e-05,0.0,0.1752674460876733
2286,12,1222,1.788508672034368,43.960300000000004,43.960300000000004,1.7317000000000036,0.0,False,False,10,4,25,20,0.0,0.0,0.001236822921782732,0.0013787888456135988,0.14520409191027284,3.284076228737831e-06,1.0156072676181793e-05,0.0,0.14785323198884726
2286,13,1385,2.0259276621509343,43.960300000000004,43.960300000000004,1.7317000000000036,0.0,False,False,10,5,25,20,0.0,0.0,0.0012497550342231989,0.0013923330698162317,0.23474092315882444,3.4209806472063065e-06,1.0332092642784119e-05,0.0,0.23741681803949177
2286,14,1494,2.1867063210811466,43.960300000000004,43.960300000000004,1.7317000000000036,0.0,False,False,10,6,25,20,0.0,0.0,0.0013398779556155205,0.0013702481519430876,0.15803271112963557,4.017027094960213e-06,1.0364921763539314e-05,0.0,0.16077741188928485
2286,15,1580,2.312560410005972,43.960300000000004,43.960300000000004,1.7317000000000036,0.0,False,False,10,7,25,20,0.0,0.0,0.0012388171162456274,0.0013783741742372513,0.12320104497484863,3.266148269176483e-06,1.1640135198831558e-05,0.0,0.12585371895693243
2286,16,1743,2.5470120450481772,43.97879999999999,43.97879999999999,1.7501999999999924,0.01849999999998886,True,True,10,0,25,20,0.0,0.0,0.0012545310892164707,0.0013991529121994972,0.23175576492212713,7.973052561283112e-06,1.1287862434983253e-05,5.8635836467146873e-05,0.2345080259256065
2286,17,1859,2.7177857351489365,43.97879999999999,43.97879999999999,1.7501999999999924,0.0,False,False,10,1,25,20,0.0,0.0,0.0014136801473796368,0.0013129760045558214,0.16795450216159225,3.430992364883423e-06,1.084897667169571e-05,0.0,0.17071342701092362
2286,18,1967,2.875583276152611,43.97879999999999,43.97879999999999,1.7501999999999924,0.0,False,False,10,2,25,20,0.0,0.0,0.0012431819923222065,0.0013720449060201645,0.1551458570174873,3.1779054552316666e-06,1.0948162525892258e-05,0.0,0.15779490396380424
2286,19,2093,3.059680618112907,43.97879999999999,43.97879999999999,1.7501999999999924,0.0,False,False,10,3,25,20,0.0,0.0,0.0012317250948399305,0.00139140198007226,0.18143819808028638,3.3259857445955276e-06,9.765150025486946e-06,0.0,0.18409473006613553
2286,20,2244,3.2800342130940408,43.97879999999999,43.97879999999999,1.7501999999999924,0.0,False,False,10,4,25,20,0.0,0.0,0.0012503981124609709,0.0013851600233465433,0.21768341399729252,3.2677780836820602e-06,9.85199585556984e-06,5.6196004152297974e-05,0.22040831809863448
2286,21,2391,3.494889595080167,44.014700000000005,44.014700000000005,1.7861000000000047,0.035900000000012255,True,True,10,0,25,20,0.0,0.0,0.0012495701666921377,0.001382351154461503,0.21212564199231565,7.699010893702507e-06,1.0590068995952606e-05,5.471985787153244e-05,0.2148526969831437
2286,22,2571,3.7698660779278725,44.014700000000005,44.014700000000005,1.7861000000000047,0.0,False,False,10,1,25,20,0.0,0.0,0.0012639861088246107,0.00136439292691648,0.27225816901773214,3.186054527759552e-06,8.671078830957413e-06,0.0,0.2749174509663135
2286,23,2674,3.941381013020873,44.036699999999996,44.036699999999996,1.808099999999996,0.02199999999999136,True,True,10,0,25,20,0.0,0.0,0.0018074580002576113,0.0015990280080586672,0.16807410796172917,6.624031811952591e-06,1.0051997378468513e-05,4.8585934564471245e-05,0.1715631359256804
2286,24,2789,4.133268635952845,44.036699999999996,44.036699999999996,1.808099999999996,0.0,False,False,10,1,25,20,0.0,0.0,0.0018180841580033302,0.0015997898299247026,0.18838901515118778,3.095017746090889e-06,9.554903954267502e-06,0.0,0.19183700811117887
2286,25,2919,4.349647596012801,44.036699999999996,44.036699999999996,1.808099999999996,0.0,False,False,10,2,25,20,0.0,0.0,0.0018202760256826878,0.0015921650920063257,0.2129352951887995,2.9799994081258774e-06,8.754199370741844e-06,0.0,0.21637643896974623
2286,26,3071,4.591240952024236,44.036699999999996,44.036699999999996,1.808099999999996,0.0,False,False,10,3,25,20,0.0,0.0,0.001818452961742878,0.0016162539832293987,0.2381268108729273,3.292923793196678e-06,1.4293938875198364e-05,0.0,0.24159736093133688
2286,27,3226,4.8155696471221745,44.060300000000005,44.060300000000005,1.831700000000005,0.023600000000008947,True,True,10,0,25,20,0.0,0.0,0.001417185878381133,0.0013171681202948093,0.22155207907781005,7.20098614692688e-06,1.055002212524414e-05,5.767005495727062e-05,0.2243808398488909
2286,28,3343,4.986532811075449,44.060300000000005,44.060300000000005,1.831700000000005,0.0,False,False,10,1,25,20,0.0,0.0,0.0014026761054992676,0.0013261539861559868,0.16814307612366974,3.502005711197853e-06,9.892042726278305e-06,0.0,0.17090315907262266
2286,29,3509,5.227267398033291,44.060300000000005,44.060300000000005,1.831700000000005,0.0,False,False,10,2,25,20,0.0,0.0,0.0012468560598790646,0.0013855639845132828,0.23806798597797751,3.481050953269005e-06,1.006503589451313e-05,0.0,0.24073299206793308
2286,30,3650,5.429530427092686,44.060300000000005,44.060300000000005,1.831700000000005,0.0,False,False,10,3,25,20,0.0,0.0,0.0012651900760829449,0.0013662341516464949,0.1995963028166443,3.3781398087739944e-06,1.0503921657800674e-05,5.997507832944393e-05,0.20232209912501276
2286,31,3746,5.569867093116045,44.060300000000005,44.060300000000005,1.831700000000005,0.0,False,False,10,4,25,20,0.0,0.0,0.0014148231130093336,0.0013160191010683775,0.13750974484719336,3.108987584710121e-06,1.1706026270985603e-05,0.0,0.14027532585896552
2286,32,3869,5.749324508011341,44.060300000000005,44.060300000000005,1.831700000000005,0.0,False,False,10,5,25,20,0.0,0.0,0.0012483608443289995,0.0013626818545162678,0.17680944502353668,3.547174856066704e-06,1.1029886081814766e-05,0.0,0.17945525189861655
2286,33,4034,5.989615126978606,44.0817,44.0817,1.8530999999999977,0.021399999999992758,True,True,10,0,25,20,0.0,0.0,0.001254682894796133,0.0013679650146514177,0.23762530088424683,8.767005056142807e-06,1.0145129635930061e-05,0.00016038003377616405,0.24044831399805844
2286,34,4191,6.2401354250032455,44.0817,44.0817,1.8530999999999977,0.0,False,False,10,1,25,20,0.0,0.0,0.0013112900778651237,0.0013408090453594923,0.2476738418918103,2.9650982469320297e-06,8.422182872891426e-06,0.0,0.25035597500391304
2286,35,4313,6.442745808977634,44.0817,44.0817,1.8530999999999977,0.0,False,False,10,2,25,20,0.0,0.0,0.0017946690786629915,0.0016053779982030392,0.1991796549409628,2.7669593691825867e-06,8.489005267620087e-06,0.0,0.20260852412320673
2286,36,4457,6.681178238010034,44.090199999999996,44.090199999999996,1.8615999999999957,0.008499999999997954,True,True,10,0,25,20,0.0,0.0,0.0017975431401282549,0.0015907289925962687,0.23501034802757204,6.980029866099358e-06,8.5469800978899e-06,5.34900464117527e-05,0.23848420497961342
2286,37,4578,6.8836911481339484,44.090199999999996,44.090199999999996,1.8615999999999957,0.0,False,False,10,1,25,20,0.0,0.0,0.001822751946747303,0.0015988638624548912,0.19900668994523585,3.6801211535930634e-06,8.37305560708046e-06,0.0,0.20245744683779776
2286,38,4684,7.060407846933231,44.090199999999996,44.090199999999996,1.8615999999999957,0.0,False,False,10,2,25,20,0.0,0.0,0.001799871912226081,0.001610070001333952,0.17327501601539552,3.7918798625469208e-06,8.804956451058388e-06,0.0,0.17671550600789487
2286,39,4797,7.248125157086179,44.090199999999996,44.090199999999996,1.8615999999999957,0.0,False,False,10,3,25,20,0.0,0.0,0.0018249009735882282,0.001643206924200058,0.1842187251895666,3.214925527572632e-06,1.07551459223032e-05,0.0,0.1877177651040256
2286,40,4953,7.50613664300181,44.1156,44.1156,1.8870000000000005,0.025400000000004752,True,True,10,0,25,20,0.0,0.0,0.0017959128599613905,0.0016118951607495546,0.25456767715513706,7.428927347064018e-06,9.394017979502678e-06,0.00012195413000881672,0.25813158182427287
2286,41,5051,7.669549684971571,44.1156,44.1156,1.8870000000000005,0.0,False,False,10,1,25,20,0.0,0.0,0.001798985991626978,0.001607599202543497,0.1598488779272884,3.264984115958214e-06,8.415896445512772e-06,0.0,0.1632869599852711
2286,42,5137,7.813103731023148,44.1156,44.1156,1.8870000000000005,0.0,False,False,10,2,25,20,0.0,0.0,0.001852910965681076,0.0016030441038310528,0.14006764884106815,2.902001142501831e-06,8.636154234409332e-06,0.0,0.14355226908810437
2286,43,5232,7.971889814129099,44.1156,44.1156,1.8870000000000005,0.0,False,False,10,3,25,20,0.0,0.0,0.0018059739377349615,0.001601019874215126,0.15534990490414202,2.783956006169319e-06,9.318115189671516e-06,0.0,0.15878538391552866
2286,44,5343,8.15358062996529,44.1156,44.1156,1.8870000000000005,0.0,False,False,10,4,25,20,0.0,0.0,0.0018479798454791307,0.0016325460746884346,0.17817918001674116,3.1979288905858994e-06,9.879935532808304e-06,0.0,0.18168976600281894
2286,45,5489,8.366276163142174,44.1156,44.1156,1.8870000000000005,0.0,False,False,10,5,25,20,0.0,0.0,0.0012644371017813683,0.0013494878076016903,0.21004799893125892,3.0819792300462723e-06,9.770039469003677e-06,0.0,0.21269373688846827
2286,46,5668,8.626345771132037,44.1156,44.1156,1.8870000000000005,0.0,False,False,10,6,25,20,0.0,0.0,0.001327926991507411,0.0013578350190073252,0.2573493840172887,3.3848918974399567e-06,1.0315096005797386e-05,0.0,0.26006869599223137
2286,47,5800,8.818522731075063,44.1156,44.1156,1.8870000000000005,0.0,False,False,10,7,25,20,0.0,0.0,0.0012515638954937458,0.0014077778905630112,0.18948266585357487,3.4910626709461212e-06,1.1273892596364021e-05,0.0,0.19217628007754683
2286,48,5909,8.977334689116105,44.1156,44.1156,1.8870000000000005,0.0,False,False,10,8,25,20,0.0,0.0,0.0012436790857464075,0.0013609728775918484,0.1561716478317976,3.149965777993202e-06,9.831972420215607e-06,0.0,0.1588083580136299
2286,49,6095,9.248113464098424,44.1156,44.1156,1.8870000000000005,0.0,False,False,10,9,25,20,0.0,0.0,0.0012458220589905977,0.0013626147992908955,0.2681358070112765,3.5029370337724686e-06,9.963056072592735e-06,0.0,0.2707772341091186
2286,50,6191,9.385320414090529,44.1156,44.1156,1.8870000000000005,0.0,False,False,10,10,25,20,0.0,0.0,0.0012467200867831707,0.0013801641762256622,0.1345441599842161,4.530185833573341e-06,1.0096002370119095e-05,4.922389052808285e-05,0.13725461391732097
2286,51,6315,9.55898326006718,44.1156,44.1156,1.8870000000000005,0.0,False,False,11,11,25,22,0.0,0.0,0.0013817588333040476,0.0013332439120858908,0.17086635087616742,2.632150426506996e-06,8.086906746029854e-06,0.0,0.1736099049448967
2286,52,6458,9.759441531961784,44.1156,44.1156,1.8870000000000005,0.0,False,False,11,12,25,22,0.0,0.0,0.0014491421170532703,0.0013001540210098028,0.19768031989224255,2.8582289814949036e-06,9.227078408002853e-06,0.0,0.20045751915313303
2286,53,6585,9.939287421060726,44.1156,44.1156,1.8870000000000005,0.0,False,False,11,13,25,22,0.0,0.0,0.0014394540339708328,0.0013432390987873077,0.17703321599401534,3.276858478784561e-06,8.86106863617897e-06,0.0,0.17984412400983274
2286,54,6681,10.07449602195993,44.1156,44.1156,1.8870000000000005,0.0,False,False,11,14,25,22,0.0,0.0,0.001438068225979805,0.0013133231550455093,0.13242716109380126,3.149965777993202e-06,9.623123332858086e-06,0.0,0.13520790706388652
2286,55,6768,10.199597785947844,44.1156,44.1156,1.8870000000000005,0.0,False,False,11,15,25,22,0.0,0.0,0.0013768861535936594,0.001290404936298728,0.12240247707813978,3.587920218706131e-06,1.1394033208489418e-05,0.0,0.12510212301276624
2286,56,6881,10.368913359940052,44.1156,44.1156,1.8870000000000005,0.0,False,False,11,16,25,22,0.0,0.0,0.0014297899324446917,0.001388816861435771,0.16646068589761853,3.6531127989292145e-06,9.317882359027863e-06,0.0,0.16931145498529077
2286,57,6987,10.525396588025615,44.1156,44.1156,1.8870000000000005,0.0,False,False,11,17,25,22,0.0,0.0,0.001449401956051588,0.0013694239314645529,0.1536308410577476,3.3190008252859116e-06,1.0023824870586395e-05,0.0,0.15648241085000336
2286,58,7126,10.727734516141936,44.1156,44.1156,1.8870000000000005,0.0,False,False,11,18,25,22,0.0,0.0,0.0014232010580599308,0.001347975106909871,0.19953239802271128,3.783963620662689e-06,9.466893970966339e-06,0.0,0.20233557699248195
2286,59,7230,10.880313450936228,44.1156,44.1156,1.8870000000000005,0.0,False,False,11,19,25,22,0.0,0.0,0.0013832610566169024,0.0013649847824126482,0.14979652897454798,3.775116056203842e-06,9.660841897130013e-06,0.0,0.15257753990590572
2286,60,7367,11.079763190122321,44.1156,44.1156,1.8870000000000005,0.0,False,False,11,20,25,22,0.0,0.0,0.0013885579537600279,0.0013614699710160494,0.1966642620973289,5.046837031841278e-06,9.26293432712555e-06,4.833820275962353e-05,0.19949637819081545
2286,61,7473,11.234334378037602,44.1156,44.1156,1.8870000000000005,0.0,False,False,12,21,25,24,0.0,0.0,0.0015443270094692707,0.0012212961446493864,0.15172341815195978,3.1711533665657043e-06,9.859912097454071e-06,0.0,0.1545210520271212
2286,62,7599,11.418093550018966,44.1156,44.1156,1.8870000000000005,0.0,False,False,12,22,25,24,0.0,0.0,0.0015413721557706594,0.0012631949502974749,0.18091995711438358,3.891997039318085e-06,1.037493348121643e-05,0.0,0.1837583719752729
2286,63,7724,11.600429298123345,44.1156,44.1156,1.8870000000000005,0.0,False,False,12,23,25,24,0.0,0.0,0.0015820451080799103,0.0012703691609203815,0.17944615287706256,4.224944859743118e-06,1.0577961802482605e-05,0.0,0.1823342670686543
2286,64,7838,11.766786809079349,44.1156,44.1156,1.8870000000000005,0.0,False,False,12,24,25,24,0.0,0.0,0.0015709029976278543,0.0012716611381620169,0.16348051698878407,3.0728988349437714e-06,1.0082963854074478e-05,0.0,0.16635508206672966
2286,65,7976,11.967494825134054,44.1156,44.1156,1.8870000000000005,0.0,False,False,12,25,25,24,0.0,0.0,0.0015362328849732876,0.0012846312019973993,0.197853724937886,3.237975761294365e-06,9.523006156086922e-06,0.0,0.2007059350144118
2286,66,8104,12.154227558057755,44.1156,44.1156,1.8870000000000005,0.0,False,False,12,26,25,24,0.0,0.0,0.0015283869579434395,0.0013317130506038666,0.1838243801612407,3.7068966776132584e-06,9.991927072405815e-06,0.0,0.18673168192617595
2286,67,8198,12.291777295991778,44.1156,44.1156,1.8870000000000005,0.0,False,False,12,27,25,24,0.0,0.0,0.00152730499394238,0.001292716944590211,0.13469566218554974,3.139954060316086e-06,1.0392162948846817e-05,0.0,0.1375484149903059
2286,68,8341,12.50007044407539,44.1156,44.1156,1.8870000000000005,0.0,False,False,12,28,25,24,0.0,0.0,0.001538255950435996,0.0012739899102598429,0.20544705516658723,3.4580007195472717e-06,1.0646181181073189e-05,0.0,0.208291735034436
2286,69,8438,12.64183752099052,44.1156,44.1156,1.8870000000000005,0.0,False,False,12,29,25,24,0.0,0.0,0.0015654710587114096,0.0012419940903782845,0.13892622711136937,3.152061253786087e-06,1.0430114343762398e-05,0.0,0.14176502008922398
2286,70,8563,12.823881664080545,44.1156,44.1156,1.8870000000000005,0.0,False,False,12,30,25,24,0.0,0.0,0.0015293729957193136,0.0013054320588707924,0.17917410586960614,5.342066287994385e-06,9.811017662286758e-06,4.511792212724686e-05,0.18208758882246912
2286,71,8698,13.020750739146024,44.1156,44.1156,1.8870000000000005,0.0,False,False,13,31,25,26,0.0,0.0,0.0016655689105391502,0.0012673030141741037,0.19385709590278566,3.6240089684724808e-06,9.885057806968689e-06,0.0,0.1968218709807843
2286,72,8781,13.142104581929743,44.1156,44.1156,1.8870000000000005,0.0,False,False,13,32,25,26,0.0,0.0,0.0016800910234451294,0.0012446539476513863,0.11839607893489301,3.0889641493558884e-06,1.0180054232478142e-05,0.0,0.12135236989706755
2286,73,8889,13.299569559050724,44.1203,44.1203,1.8917000000000002,0.004699999999999704,True,True,13,0,25,26,0.0,0.0,0.0016702800057828426,0.0012556498404592276,0.15450200508348644,7.134862244129181e-06,9.702052921056747e-06,4.6520959585905075e-05,0.15750981005840003
2286,74,8976,13.426511851139367,44.1203,44.1203,1.8917000000000002,0.0,False,False,10,1,25,20,0.0,0.0,0.0012735689524561167,0.001359485788270831,0.12422970402985811,2.9669608920812607e-06,9.56677831709385e-06,0.0,0.12689359299838543
2286,75,9099,13.605684600071982,44.1265,44.1265,1.8979,0.006199999999999761,True,True,10,0,25,20,0.0,0.0,0.0012693700846284628,0.0013637589290738106,0.17650319286622107,7.476890459656715e-06,1.0100891813635826e-05,4.233093932271004e-05,0.1792144039645791
2286,76,9210,13.767630737042055,44.1265,44.1265,1.8979,0.0,False,False,10,1,25,20,0.0,0.0,0.0012595129664987326,0.001436321996152401,0.15917382389307022,3.561144694685936e-06,1.2149102985858917e-05,0.0,0.16190444608218968
2286,77,9359,13.984455846017227,44.1265,44.1265,1.8979,0.0,False,False,10,2,25,20,0.0,0.0,0.001258011907339096,0.0013641738332808018,0.21416625217534602,3.3320393413305283e-06,1.0269926860928535e-05,0.0,0.21682127192616463
2286,78,9499,14.18806372396648,44.1974,44.1974,1.9688000000000017,0.07090000000000174,True,True,10,0,25,20,0.0,0.0,0.0012444229796528816,0.001359366113319993,0.20096579799428582,7.545109838247299e-06,9.550945833325386e-06,4.3672043830156326e-05,0.20364909199997783
2286,79,9677,14.446931455051526,44.1974,44.1974,1.9688000000000017,0.0,False,False,10,1,25,20,0.0,0.0,0.0012572661507874727,0.0013704989105463028,0.2561632329598069,3.2100360840559006e-06,9.906943887472153e-06,0.0,0.25882267113775015
2286,80,9828,14.666642191121355,44.1974,44.1974,1.9688000000000017,0.0,False,False,10,2,25,20,0.0,0.0,0.0012303160037845373,0.0013654311187565327,0.2170822371263057,2.934131771326065e-06,9.866897016763687e-06,4.468508996069431e-05,0.21975409798324108
2286,81,9952,14.847136072115973,44.1974,44.1974,1.9688000000000017,0.0,False,False,10,3,25,20,0.0,0.0,0.0012546798679977655,0.0013364648912101984,0.17782476893626153,2.9709190130233765e-06,9.879935532808304e-06,0.0,0.1804471230134368
2286,82,10053,14.995072365971282,44.1974,44.1974,1.9688000000000017,0.0,False,False,10,4,25,20,0.0,0.0,0.001222074031829834,0.001360019901767373,0.14532238012179732,2.9890798032283783e-06,1.0107876732945442e-05,0.0,0.14793512504547834
2286,83,10195,15.201516438974068,44.219,44.219,1.990400000000001,0.021599999999999397,True,True,10,0,25,20,0.0,0.0,0.0012305330019444227,0.0013535099569708109,0.20382276503369212,7.735099643468857e-06,9.973999112844467e-06,4.086177796125412e-05,0.2064837960060686
2286,84,10350,15.426745153032243,44.219,44.219,1.990400000000001,0.0,False,False,10,1,25,20,0.0,0.0,0.001270987093448639,0.0013311179354786873,0.22255245014093816,2.9390212148427963e-06,9.832903742790222e-06,0.0,0.22518557799048722
2286,85,10482,15.619152856059372,44.2275,44.2275,1.998899999999999,0.008499999999997954,True,True,10,0,25,20,0.0,0.0,0.0012358329258859158,0.0013600378297269344,0.18977474514394999,8.109025657176971e-06,9.942101314663887e-06,4.812004044651985e-05,0.1924552300479263
2286,86,10632,15.843726797960699,44.2275,44.2275,1.998899999999999,0.0,False,False,10,1,25,20,0.0,0.0,0.001281999982893467,0.0013700099661946297,0.22184026800096035,3.113178536295891e-06,1.0413816198706627e-05,0.0,0.22452399996109307
2286,87,10787,16.068996330955997,44.2275,44.2275,1.998899999999999,0.0,False,False,10,2,25,20,0.0,0.0,0.001300782896578312,0.001308252103626728,0.22262819902971387,2.9669608920812607e-06,1.0414980351924896e-05,0.0,0.22526782588101923
2286,88,10938,16.28871350013651,44.236599999999996,44.236599999999996,2.0079999999999956,0.009099999999996555,True,True,10,0,25,20,0.0,0.0,0.001385879935696721,0.0012773480266332626,0.2170177500229329,7.153023034334183e-06,9.126029908657074e-06,4.2871804907917976e-05,0.21975759300403297
2286,89,11046,16.446317206136882,44.272000000000006,44.272000000000006,2.0434000000000054,0.03540000000000987,True,True,10,0,25,20,0.0,0.0,0.0012782909907400608,0.0013556820340454578,0.15488344617187977,1.3700919225811958e-05,9.953044354915619e-06,3.862706944346428e-05,0.15759929292835295
2286,90,11181,16.66942726704292,44.272000000000006,44.272000000000006,2.0434000000000054,0.0,False,False,10,1,25,20,0.0,0.0,0.0017915940843522549,0.0015985078644007444,0.21965185087174177,2.2419262677431107e-06,7.927883416414261e-06,3.4183962270617485e-05,0.22310171485878527
2286,91,11322,16.9022652360145,44.272000000000006,44.272000000000006,2.0434000000000054,0.0,False,False,10,2,25,20,0.0,0.0,0.0018216888420283794,0.001580023905262351,0.2293739679735154,2.5599729269742966e-06,7.936032488942146e-06,0.0,0.2328020161949098
2286,92,11422,17.067845825105906,44.272000000000006,44.272000000000006,2.0434000000000054,0.0,False,False,10,3,25,20,0.0,0.0,0.0017965221777558327,0.0015759379602968693,0.16218088380992413,2.430984750390053e-06,9.217998012900352e-06,0.0,0.16558029293082654
2286,93,11588,17.341328975977376,44.272000000000006,44.272000000000006,2.0434000000000054,0.0,False,False,10,4,25,20,0.0,0.0,0.0018055830150842667,0.0015992328990250826,0.2700494190212339,2.8670765459537506e-06,8.170027285814285e-06,0.0,0.27348073991015553
2286,94,11716,17.552700981963426,44.278999999999996,44.278999999999996,2.0503999999999962,0.006999999999990791,True,True,10,0,25,20,0.0,0.0,0.0018060680013149977,0.0015801868867129087,0.20795517601072788,5.748821422457695e-06,7.667113095521927e-06,3.7220073863863945e-05,0.21140724793076515
2286,95,11869,17.804766522021964,44.278999999999996,44.278999999999996,2.0503999999999962,0.0,False,False,10,1,25,20,0.0,0.0,0.0018196380697190762,0.0015830309130251408,0.24859842099249363,2.3210886865854263e-06,7.627997547388077e-06,0.0,0.2520266119390726
2286,96,11987,17.999531967099756,44.278999999999996,44.278999999999996,2.0503999999999962,0.0,False,False,10,2,25,20,0.0,0.0,0.001817784970626235,0.0015793750062584877,0.19134222599677742,2.305954694747925e-06,7.741851732134819e-06,0.0,0.19476417289115489
2286,97,12159,18.282833360135555,44.278999999999996,44.278999999999996,2.0503999999999962,0.0,False,False,10,3,25,20,0.0,0.0,0.0017987489700317383,0.001596981892362237,0.2798796750139445,2.2549647837877274e-06,7.568858563899994e-06,0.0,0.2832999888341874
2286,98,12344,18.58737188205123,44.278999999999996,44.278999999999996,2.0503999999999962,0.0,False,False,10,4,25,20,0.0,0.0,0.001795182004570961,0.0015927490312606096,0.3011242609936744,2.3238826543092728e-06,7.667811587452888e-06,0.0,0.30453737708739936
2286,99,12473,18.800124533940107,44.278999999999996,44.278999999999996,2.0503999999999962,0.0,False,False,10,5,25,20,0.0,0.0,0.0018004938028752804,0.0015884169843047857,0.20933773997239769,2.2721942514181137e-06,7.65407457947731e-06,0.0,0.21275131194852293
2286,100,12631,19.06022480293177,44.278999999999996,44.278999999999996,2.0503999999999962,0.0,False,False,10,6,25,20,0.0,0.0,0.0017954709473997355,0.0015907720662653446,0.2566877829376608,2.329004928469658e-06,7.75698572397232e-06,3.3446820452809334e-05,0.2601330359466374
2286,101,12818,19.368100182153285,44.278999999999996,44.278999999999996,2.0503999999999962,0.0,False,False,10,7,25,20,0.0,0.0,0.0017942879348993301,0.0015956140123307705,0.3044248619116843,2.273824065923691e-06,7.58306123316288e-06,0.0,0.30783990188501775
2286,102,12981,19.636653936002403,44.278999999999996,44.278999999999996,2.0503999999999962,0.0,False,False,10,8,25,20,0.0,0.0,0.0017927230801433325,0.0015976259019225836,0.26513734087347984,2.4728942662477493e-06,7.905066013336182e-06,0.0,0.2685528080910444
2286,103,13094,19.823271946050227,44.278999999999996,44.278999999999996,2.0503999999999962,0.0,False,False,10,9,25,20,0.0,0.0,0.001805787906050682,0.0015791691839694977,0.18320655217394233,2.3511238396167755e-06,7.768860086798668e-06,0.0,0.1866164691746235
2286,104,13268,20.109612645115703,44.278999999999996,44.278999999999996,2.0503999999999962,0.0,False,False,10,10,25,20,0.0,0.0,0.0017888471484184265,0.001581748016178608,0.2829426641110331,3.6798883229494095e-06,7.738126441836357e-06,0.0,0.2863395179156214
2286,105,13386,20.304458991158754,44.278999999999996,44.278999999999996,2.0503999999999962,0.0,False,False,11,11,25,22,0.0,0.0,0.0019750939682126045,0.0015721260569989681,0.19127273093909025,2.3329630494117737e-06,7.624039426445961e-06,0.0,0.19484496721997857
2286,106,13513,20.514181883074343,44.278999999999996,44.278999999999996,2.0503999999999962,0.0,False,False,11,12,25,22,0.0,0.0,0.0019797231070697308,0.0015792930498719215,0.20613660500384867,2.733897417783737e-06,8.600065484642982e-06,0.0,0.2097225550096482
2286,107,13706,20.831842249026522,44.3025,44.3025,2.073900000000002,0.023500000000005627,True,True,11,0,25,22,0.0,0.0,0.001976342871785164,0.0015788760501891375,0.31407203688286245,6.6659413278102875e-06,8.326955139636993e-06,3.977213054895401e-05,0.3176989848725498
2286,108,13901,21.15243405709043,44.3025,44.3025,2.073900000000002,0.0,False,False,10,1,25,20,0.0,0.0,0.0017927729059010744,0.0016063661314547062,0.31712421402335167,2.359040081501007e-06,8.64383764564991e-06,0.0,0.32055033394135535
2286,109,13982,21.286774336127564,44.3025,44.3025,2.073900000000002,0.0,False,False,10,2,25,20,0.0,0.0,0.0018055010586977005,0.0015754608903080225,0.13093186216428876,2.335989847779274e-06,7.79307447373867e-06,0.0,0.13433797704055905
2286,110,14146,21.556747145950794,44.3225,44.3225,2.093899999999998,0.01999999999999602,True,True,10,0,25,20,0.0,0.0,0.0017969838809221983,0.0015736110508441925,0.26657295296899974,5.431007593870163e-06,7.662922143936157e-06,3.977795131504536e-05,0.27001132792793214
2286,111,14253,21.733349293936044,44.3225,44.3225,2.093899999999998,0.0,False,False,10,1,25,20,0.0,0.0,0.0017947510350495577,0.0015796150546520948,0.17316217394545674,2.329004928469658e-06,7.621943950653076e-06,0.0,0.17656085290946066
2286,112,14406,21.98519844096154,44.3225,44.3225,2.093899999999998,0.0,False,False,10,2,25,20,0.0,0.0,0.0018130040261894464,0.0015820290427654982,0.24842822807841003,2.2819731384515762e-06,7.770955562591553e-06,0.0,0.2518481209408492
2286,113,14575,22.26325843296945,44.3225,44.3225,2.093899999999998,0.0,False,False,10,3,25,20,0.0,0.0,0.0018281610682606697,0.0015841301064938307,0.2746216137893498,2.308981493115425e-06,7.577938959002495e-06,0.0,0.2780584639403969
2286,114,14691,22.454723004018888,44.3225,44.3225,2.093899999999998,0.0,False,False,10,4,25,20,0.0,0.0,0.0017992428038269281,0.0015904209576547146,0.18804937787353992,2.2440217435359955e-06,7.827067747712135e-06,0.0,0.19146360293962061
2286,115,14865,22.741042834939435,44.3225,44.3225,2.093899999999998,0.0,False,False,10,5,25,20,0.0,0.0,0.0017923309933394194,0.00157358986325562,0.28292753896676004,2.4938490241765976e-06,7.990049198269844e-06,0.0,0.286318730795756
2286,116,15076,23.087958425981924,44.3245,44.3245,2.0959000000000003,0.0020000000000024443,True,True,10,0,25,20,0.0,0.0,0.00182074005715549,0.0015836241655051708,0.3434792950283736,6.336020305752754e-06,8.344883099198341e-06,3.580213524401188e-05,0.3469508320558816
2286,117,15157,23.2221697489731,44.3245,44.3245,2.0959000000000003,0.0,False,False,10,1,25,20,0.0,0.0,0.0017901270184665918,0.001602113014087081,0.13075558608397841,2.308981493115425e-06,7.724855095148087e-06,0.0,0.13417301001027226
2286,118,15297,23.452876725932583,44.3245,44.3245,2.0959000000000003,0.0,False,False,10,2,25,20,0.0,0.0,0.0018243510276079178,0.0015824709553271532,0.22727416595444083,2.28220596909523e-06,7.841037586331367e-06,0.0,0.23070578183978796
2286,119,15411,23.64104139013216,44.3245,44.3245,2.0959000000000003,0.0,False,False,10,3,25,20,0.0,0.0,0.001806529937312007,0.0015748110599815845,0.1847573551349342,2.2279564291238785e-06,7.765134796500206e-06,0.0,0.18816330190747976
2286,120,15526,23.83088858402334,44.3245,44.3245,2.0959000000000003,0.0,False,False,10,4,25,20,0.0,0.0,0.0018029389902949333,0.0015795640647411346,0.1864384268410504,2.2149179130792618e-06,7.75395892560482e-06,3.2510142773389816e-05,0.18987895897589624
2286,121,15619,23.984858784126118,44.3245,44.3245,2.0959000000000003,0.0,False,False,10,5,25,20,0.0,0.0,0.0017876098863780499,0.0015885508619248867,0.15053445915691555,2.2309832274913788e-06,7.632886990904808e-06,0.0,0.1539357090368867
2286,122,15745,24.192672373028472,44.3245,44.3245,2.0959000000000003,0.0,False,False,10,6,25,20,0.0,0.0,0.0018071308732032776,0.0015785919968038797,0.20440184115432203,2.3578759282827377e-06,7.678987458348274e-06,0.0,0.20781242614611983
2286,123,15898,24.444741799030453,44.3245,44.3245,2.0959000000000003,0.0,False,False,10,7,25,20,0.0,0.0,0.0018096850253641605,0.0015828290488570929,0.248650822089985,2.314802259206772e-06,7.71484337747097e-06,0.0,0.2520681598689407
2286,124,16055,24.703357492107898,44.325199999999995,44.325199999999995,2.096599999999995,0.0006999999999948159,True,True,10,0,25,20,0.0,0.0,0.0018033960368484259,0.001576415030285716,0.25520652113482356,5.470123142004013e-06,7.569091394543648e-06,3.3390941098332405e-05,0.25864797714166343
2286,125,16222,24.97835475509055,44.325199999999995,44.325199999999995,2.096599999999995,0.0,False,False,10,1,25,20,0.0,0.0,0.0017879810184240341,0.0015910190995782614,0.2715576239861548,2.8409995138645172e-06,8.908100426197052e-06,0.0,0.27496381010860205
2286,126,16364,25.21234154701233,44.335899999999995,44.335899999999995,2.107299999999995,0.010699999999999932,True,True,10,0,25,20,0.0,0.0,0.001797978999093175,0.0015817221719771624,0.2305745119228959,5.904119461774826e-06,7.994938641786575e-06,3.784801810979843e-05,0.23402215400710702
2286,127,16521,25.47093201498501,44.335899999999995,44.335899999999995,2.107299999999995,0.0,False,False,10,1,25,20,0.0,0.0,0.0017975489608943462,0.001592947170138359,0.25513548497110605,2.414919435977936e-06,7.89295881986618e-06,0.0,0.2585509279742837
2286,128,16687,25.744340121978894,44.3581,44.3581,2.1295,0.022200000000005105,True,True,10,0,25,20,0.0,0.0,0.0017954760696738958,0.0015918109565973282,0.2699913301039487,5.534151569008827e-06,8.191214874386787e-06,3.389804624021053e-05,0.2734411680139601
2286,129,16884,26.06824601115659,44.3581,44.3581,2.1295,0.0,False,False,10,1,25,20,0.0,0.0,0.0018008830957114697,0.0015908940695226192,0.32045365986414254,2.286164090037346e-06,7.865019142627716e-06,0.0,0.3238700770307332
2286,130,17003,26.264872696017846,44.3581,44.3581,2.1295,0.0,False,False,10,2,25,20,0.0,0.0,0.001796020194888115,0.0016091731376945972,0.19319532881490886,2.3390166461467743e-06,7.461989298462868e-06,3.35262157022953e-05,0.1966590490192175
2286,131,17127,26.469793400960043,44.3581,44.3581,2.1295,0.0,False,False,10,3,25,20,0.0,0.0,0.0017913689371198416,0.0015901101287454367,0.20147894299589097,2.2510066628456116e-06,7.85384327173233e-06,0.0,0.20488581690005958
2286,132,17302,26.757675359025598,44.3581,44.3581,2.1295,0.0,False,False,10,4,25,20,0.0,0.0,0.0018041839357465506,0.001568780979141593,0.28448252682574093,2.316199243068695e-06,7.868977263569832e-06,0.0,0.2878807180095464
2286,133,17501,27.085012949071825,44.3581,44.3581,2.1295,0.0,False,False,10,5,25,20,0.0,0.0,0.0018026679754257202,0.0015789601020514965,0.3239295189268887,2.4230685085058212e-06,7.360009476542473e-06,0.0,0.32733580796048045
2286,134,17670,27.363424027105793,44.3581,44.3581,2.1295,0.0,False,False,10,6,25,20,0.0,0.0,0.0018101008608937263,0.0015800551045686007,0.27499418798834085,2.5320332497358322e-06,8.139992132782936e-06,0.0,0.2784105858299881
2286,135,17767,27.524046265985817,44.3581,44.3581,2.1295,0.0,False,False,10,7,25,20,0.0,0.0,0.0017920318059623241,0.0015935718547552824,0.1572085388470441,3.209104761481285e-06,7.946975529193878e-06,0.0,0.16062050592154264
2286,136,17906,27.75325441802852,44.3581,44.3581,2.1295,0.0,False,False,10,8,25,20,0.0,0.0,0.0017935428768396378,0.0016101300716400146,0.22577793104574084,2.4561304599046707e-06,7.807975634932518e-06,0.0,0.229206717107445
2286,137,18036,27.967832225142047,44.3581,44.3581,2.1295,0.0,False,False,10,9,25,20,0.0,0.0,0.0018096738494932652,0.0015793789643794298,0.2111625608522445,2.27498821914196e-06,7.703900337219238e-06,0.0,0.2145764259621501
2286,138,18206,28.247784276027232,44.3581,44.3581,2.1295,0.0,False,False,10,10,25,20,0.0,0.0,0.001796552911400795,0.0015928908251225948,0.27653492614626884,3.695022314786911e-06,7.838942110538483e-06,0.0,0.2799509691540152
2286,139,18331,28.454192063072696,44.3581,44.3581,2.1295,0.0,False,False,11,11,25,22,0.0,0.0,0.001957368105649948,0.001597624970600009,0.20282645779661834,2.295011654496193e-06,7.872004061937332e-06,0.0,0.20640653581358492
2286,140,18464,28.673717281082645,44.3581,44.3581,2.1295,0.0,False,False,11,12,25,22,0.0,0.0,0.0019640240352600813,0.0015768439043313265,0.21594319492578506,2.3720785975456238e-06,7.685041055083275e-06,3.7031015381217e-05,0.21956118196249008
2286,141,18632,28.95039249607362,44.377300000000005,44.377300000000005,2.148700000000005,0.01920000000000499,True,True,11,0,25,22,0.0,0.0,0.0019687910098582506,0.0015815449878573418,0.27305771806277335,5.457084625959396e-06,7.711118087172508e-06,3.175809979438782e-05,0.2766683450900018
2286,142,18808,29.240340034943074,44.377300000000005,44.377300000000005,2.148700000000005,0.0,False,False,10,1,25,20,0.0,0.0,0.0017968099564313889,0.0015826690942049026,0.2865091140847653,2.537854015827179e-06,7.400056347250938e-06,0.0,0.28991408785805106
2286,143,18937,29.453198601026088,44.377300000000005,44.377300000000005,2.148700000000005,0.0,False,False,10,2,25,20,0.0,0.0,0.0017937389202415943,0.0015868961345404387,0.20945188589394093,2.24309042096138e-06,7.800059393048286e-06,0.0,0.21285764896310866
2286,144,19064,29.66259040404111,44.377300000000005,44.377300000000005,2.148700000000005,0.0,False,False,10,3,25,20,0.0,0.0,0.0018184240907430649,0.0015762299299240112,0.20597092318348587,2.3068860173225403e-06,7.5909774750471115e-06,0.0,0.20939029892906547
2286,145,19202,29.890090356115252,44.377300000000005,44.377300000000005,2.148700000000005,0.0,False,False,10,4,25,20,0.0,0.0,0.0018167952075600624,0.0015791289042681456,0.22407804895192385,2.334127202630043e-06,7.461989298462868e-06,0.0,0.2274985541589558
2286,146,19375,30.17469130200334,44.377300000000005,44.377300000000005,2.148700000000005,0.0,False,False,10,5,25,20,0.0,0.0,0.0018003180157393217,0.0015796199440956116,0.28119480796158314,2.405839040875435e-06,7.517170161008835e-06,0.0,0.2845996590331197
2286,147,19521,30.415386587148532,44.377300000000005,44.377300000000005,2.148700000000005,0.0,False,False,10,6,25,20,0.0,0.0,0.0017937819939106703,0.0015782599803060293,0.23729738593101501,2.2209715098142624e-06,7.68597237765789e-06,0.0,0.2406942299567163
2286,148,19602,30.549646011088043,44.377300000000005,44.377300000000005,2.148700000000005,0.0,False,False,10,7,25,20,0.0,0.0,0.0017933240160346031,0.001583765959367156,0.13085633586160839,2.2819731384515762e-06,8.892035111784935e-06,0.0,0.13425931008532643
2286,149,19801,30.87679975712672,44.377300000000005,44.377300000000005,2.148700000000005,0.0,False,False,10,8,25,20,0.0,0.0,0.001821045996621251,0.0015767819713801146,0.3237283769994974,2.318061888217926e-06,7.577007636427879e-06,0.0,0.327151179080829
2286,150,19960,31.138756518019363,44.377300000000005,44.377300000000005,2.148700000000005,0.0,False,False,10,9,25,20,0.0,0.0,0.001799505902454257,0.0015767260920256376,0.2585545899346471,2.3168977349996567e-06,7.312977686524391e-06,3.3464981243014336e-05,0.26198909105733037
2286,151,20118,31.398966981098056,44.377300000000005,44.377300000000005,2.148700000000005,0.0,False,False,10,10,25,20,0.0,0.0,0.0017912299372255802,0.001581049058586359,0.25677678314968944,3.708992153406143e-06,7.743947207927704e-06,0.0,0.26017574593424797
2286,152,20264,31.641080314991996,44.377300000000005,44.377300000000005,2.148700000000005,0.0,False,False,11,11,25,22,0.0,0.0,0.0019645739812403917,0.00158187304623425,0.23853901401162148,3.2349489629268646e-06,8.426839485764503e-06,0.0,0.2421128530986607
2286,153,20408,31.878736990038306,44.377300000000005,44.377300000000005,2.148700000000005,0.0,False,False,11,12,25,22,0.0,0.0,0.00196968880482018,0.0015794378705322742,0.2340789050795138,2.610962837934494e-06,8.097151294350624e-06,0.0,0.23765483289025724
2286,154,20588,32.17511550709605,44.377300000000005,44.377300000000005,2.148700000000005,0.0,False,False,11,13,25,22,0.0,0.0,0.0019602191168814898,0.0015895760152488947,0.29280067421495914,2.5150366127490997e-06,7.980037480592728e-06,0.0,0.2963766949251294
2286,155,20721,32.39481156296097,44.377300000000005,44.377300000000005,2.148700000000005,0.0,False,False,11,14,25,22,0.0,0.0,0.001969714881852269,0.0015880931168794632,0.21611143602058291,2.270098775625229e-06,7.64802098274231e-06,0.0,0.2196943589951843
2286,156,20849,32.60635061515495,44.377300000000005,44.377300000000005,2.148700000000005,0.0,False,False,11,15,25,22,0.0,0.0,0.001961797010153532,0.0015883040614426136,0.20796302217058837,2.3690517991781235e-06,7.836148142814636e-06,0.0,0.21153790806420147
2286,157,20928,32.73746627406217,44.377300000000005,44.377300000000005,2.148700000000005,0.0,False,False,11,16,25,22,0.0,0.0,0.001964692957699299,0.0015820369590073824,0.12754269293509424,2.376968041062355e-06,7.71903432905674e-06,0.0,0.13111417717300355
2286,158,21074,32.97836874704808,44.377300000000005,44.377300000000005,2.148700000000005,0.0,False,False,11,17,25,22,0.0,0.0,0.001971673918887973,0.0015796050429344177,0.23732503992505372,2.337852492928505e-06,7.748138159513474e-06,0.0,0.24090112396515906
2286,159,21229,33.23395993001759,44.377300000000005,44.377300000000005,2.148700000000005,0.0,False,False,11,18,25,22,0.0,0.0,0.0019571518059819937,0.0015758941881358624,0.2520319849718362,2.27498821914196e-06,7.723923772573471e-06,0.0,0.2555898679420352
2286,160,21435,33.572811983991414,44.377300000000005,44.377300000000005,2.148700000000005,0.0,False,False,11,19,25,22,0.0,0.0,0.0019837310537695885,0.0015811631456017494,0.33526114793494344,2.3171305656433105e-06,7.82799907028675e-06,3.7013087421655655e-05,0.3388882358558476
2286,161,21548,33.7596079739742,44.377300000000005,44.377300000000005,2.148700000000005,0.0,False,False,11,20,25,22,0.0,0.0,0.00196410296484828,0.0015843259170651436,0.18318046117201447,4.1120219975709915e-06,7.931143045425415e-06,0.0,0.18675774103030562
2286,162,21720,34.04311897302978,44.377300000000005,44.377300000000005,2.148700000000005,0.0,False,False,12,21,25,24,0.0,0.0,0.002130927052348852,0.0015959590673446655,0.2797554039862007,2.6819761842489243e-06,8.743023499846458e-06,0.0,0.28350987401790917
2286,163,21903,34.34469000110403,44.377300000000005,44.377300000000005,2.148700000000005,0.0,False,False,12,22,25,24,0.0,0.0,0.0021370721515268087,0.0015896791592240334,0.29781525605358183,2.6728957891464233e-06,7.834052667021751e-06,0.0,0.30156865203753114
2286,164,22005,34.51362384716049,44.377300000000005,44.377300000000005,2.148700000000005,0.0,False,False,12,23,25,24,0.0,0.0,0.0021421590354293585,0.001582432072609663,0.16518271015956998,2.346932888031006e-06,7.770024240016937e-06,0.0,0.16893238108605146
2286,165,22131,34.72184821101837,44.377300000000005,44.377300000000005,2.148700000000005,0.0,False,False,12,24,25,24,0.0,0.0,0.0021608290262520313,0.00158547586761415,0.20445203687995672,2.3141037672758102e-06,7.353024557232857e-06,0.0,0.2082226020283997
2286,166,22220,34.86958590801805,44.377300000000005,44.377300000000005,2.148700000000005,0.0,False,False,12,25,25,24,0.0,0.0,0.002151248976588249,0.0015792418271303177,0.14398159994743764,2.244953066110611e-06,7.779104635119438e-06,0.0,0.14773679804056883
2286,167,22369,35.11550733493641,44.377300000000005,44.377300000000005,2.148700000000005,0.0,False,False,12,26,25,24,0.0,0.0,0.002141742967069149,0.001583336852490902,0.24217025702819228,2.312939614057541e-06,7.5909774750471115e-06,0.0,0.24591990001499653
2286,168,22513,35.353205021005124,44.377300000000005,44.377300000000005,2.148700000000005,0.0,False,False,12,27,25,24,0.0,0.0,0.0021336369682103395,0.0015944309998303652,0.23394391289912164,2.2889580577611923e-06,7.595866918563843e-06,0.0,0.23769636522047222
2286,169,22650,35.57954074908048,44.377300000000005,44.377300000000005,2.148700000000005,0.0,False,False,12,28,25,24,0.0,0.0,0.0021368570160120726,0.0015802890993654728,0.22259280690923333,2.3078173398971558e-06,7.421011105179787e-06,0.0,0.2263342710211873
2286,170,22821,35.86144688515924,44.377300000000005,44.377300000000005,2.148700000000005,0.0,False,False,12,29,25,24,0.0,0.0,0.002127313055098057,0.0015979749150574207,0.27815507096238434,2.322020009160042e-06,7.444992661476135e-06,4.2764004319906235e-05,0.2819480770267546
2286,171,22975,36.115707205142826,44.377300000000005,44.377300000000005,2.148700000000005,0.0,False,False,12,30,25,24,0.0,0.0,0.002135816030204296,0.0015851818025112152,0.2504677651450038,4.009110853075981e-06,7.855938747525215e-06,0.0,0.25421633501537144
2286,172,23091,36.30784649611451,44.377300000000005,44.377300000000005,2.148700000000005,0.0,False,False,13,31,25,26,0.0,0.0,0.002308567985892296,0.0015879920683801174,0.1882162590045482,2.2391323000192642e-06,2.4124979972839355e-05,0.0,0.19215410808101296
2286,173,23259,36.58512787614018,44.377300000000005,44.377300000000005,2.148700000000005,0.0,False,False,13,32,25,26,0.0,0.0,0.0023025230038911104,0.0015846560709178448,0.2733512199483812,2.2710300981998444e-06,7.438007742166519e-06,0.0,0.2772631698753685
2286,174,23423,36.855507964035496,44.377300000000005,44.377300000000005,2.148700000000005,0.0,False,False,13,33,25,26,0.0,0.0,0.002307682065293193,0.00158073497004807,0.26646607206203043,2.319924533367157e-06,7.563037797808647e-06,0.0,0.270378849003464
2286,175,23559,37.08033805596642,44.377300000000005,44.377300000000005,2.148700000000005,0.0,False,False,13,34,25,26,0.0,0.0,0.002299663843587041,0.00161045603454113,0.22089394903741777,2.461019903421402e-06,7.5069256126880646e-06,0.0,0.2248287070542574
2286,176,23693,37.30202118307352,44.377300000000005,44.377300000000005,2.148700000000005,0.0,False,False,13,35,25,26,0.0,0.0,0.002312309108674526,0.0015764778945595026,0.2177687177900225,2.275221049785614e-06,7.529044523835182e-06,0.0,0.22168179415166378
2286,177,23837,37.54012992209755,44.377300000000005,44.377300000000005,2.148700000000005,0.0,False,False,13,36,25,26,0.0,0.0,0.0023129910696297884,0.0015783898998051882,0.23419134388677776,2.3229513317346573e-06,7.4589625000953674e-06,0.0,0.23810743703506887
2286,178,23972,37.7631490691565,44.377300000000005,44.377300000000005,2.148700000000005,0.0,False,False,13,37,25,26,0.0,0.0,0.002312525874003768,0.0015801081899553537,0.2191005959175527,2.37906351685524e-06,7.434049621224403e-06,0.0,0.2230178110767156
2286,179,24116,38.00096436799504,44.377300000000005,44.377300000000005,2.148700000000005,0.0,False,False,13,38,25,26,0.0,0.0,0.002295732032507658,0.0016001109033823013,0.23389359493739903,2.345070242881775e-06,7.653841748833656e-06,0.0,0.23781427997164428
2286,180,24268,38.251718612154946,44.377300000000005,44.377300000000005,2.148700000000005,0.0,False,False,13,39,25,26,0.0,0.0,0.002308245049789548,0.0015828979667276144,0.24683612422086298,2.8219074010849e-06,8.27806070446968e-06,4.905601963400841e-05,0.2508036349900067
2286,181,24413,38.49114701501094,44.377300000000005,44.377300000000005,2.148700000000005,0.0,False,False,13,40,25,26,0.0,0.0,0.002318219980224967,0.0015963870100677013,0.2354333319235593,3.9299484342336655e-06,7.931841537356377e-06,0.0,0.23937631794251502
2286,182,24509,38.650562012102455,44.377300000000005,44.377300000000005,2.148700000000005,0.0,False,False,14,41,25,28,0.0,0.0,0.0024715939071029425,0.0015988731756806374,0.15531748882494867,2.3688189685344696e-06,7.67991878092289e-06,0.0,0.1594131370075047
2286,183,24617,38.8295857810881,44.377300000000005,44.377300000000005,2.148700000000005,0.0,False,False,14,42,25,28,0.0,0.0,0.0024760509841144085,0.0015951159875839949,0.17492617783136666,2.301996573805809e-06,7.478054612874985e-06,0.0,0.17902222811244428
2286,184,24768,39.07898885500617,44.377300000000005,44.377300000000005,2.148700000000005,0.0,False,False,14,43,25,28,0.0,0.0,0.0024772488977760077,0.0015756229404360056,0.2453244850039482,2.2961758077144623e-06,7.542083039879799e-06,0.0,0.24940181896090508
2286,185,24917,39.324967982945964,44.377300000000005,44.377300000000005,2.148700000000005,0.0,False,False,14,44,25,28,0.0,0.0,0.0024705270770937204,0.0015932719688862562,0.2418894711881876,2.357177436351776e-06,7.814029231667519e-06,0.0,0.24597812118008733
2286,186,25030,39.512351697077975,44.377300000000005,44.377300000000005,2.148700000000005,0.0,False,False,14,45,25,28,0.0,0.0,0.002480322029441595,0.0015721709933131933,0.18330506491474807,2.349959686398506e-06,7.768860086798668e-06,0.0,0.1873824018985033
2286,187,25134,39.68496725196019,44.377300000000005,44.377300000000005,2.148700000000005,0.0,False,False,14,46,25,28,0.0,0.0,0.0025022760964930058,0.0015791170299053192,0.1685078169684857,2.366025000810623e-06,8.082948625087738e-06,0.0,0.17261461494490504
2286,188,25224,39.83471770095639,44.377300000000005,44.377300000000005,2.148700000000005,0.0,False,False,14,47,25,28,0.0,0.0,0.0024814049247652292,0.0015789938624948263,0.14566338900476694,2.3490283638238907e-06,7.664086297154427e-06,0.0,0.14974874607287347
2286,189,25370,40.07613131706603,44.377300000000005,44.377300000000005,2.148700000000005,0.0,False,False,14,48,25,28,0.0,0.0,0.0024768970906734467,0.0015918849967420101,0.23731877002865076,2.3329630494117737e-06,7.380964234471321e-06,0.0,0.24141204194165766
2286,190,25474,40.24871301394887,44.377300000000005,44.377300000000005,2.148700000000005,0.0,False,False,14,49,25,28,0.0,0.0,0.0024991987738758326,0.0015842919237911701,0.16847251798026264,2.247048541903496e-06,7.433118298649788e-06,3.804895095527172e-05,0.17261888785287738
2286,191,25579,40.423058026935905,44.377300000000005,44.377300000000005,2.148700000000005,0.0,False,False,14,50,25,28,0.0,0.0,0.0024899819400161505,0.0015877909027040005,0.170199854997918,4.295026883482933e-06,8.634058758616447e-06,0.0,0.17430691909976304
2286,192,25662,40.5615431999322,44.377300000000005,44.377300000000005,2.148700000000005,0.0,False,False,15,51,25,30,0.0,0.0,0.0026368878316134214,0.0016021339688450098,0.13421733514405787,2.476852387189865e-06,7.5909774750471115e-06,0.0,0.13848260208033025
2286,193,25804,40.79674355010502,44.377300000000005,44.377300000000005,2.148700000000005,0.0,False,False,15,52,25,30,0.0,0.0,0.0026576421223580837,0.0015869198832660913,0.23092859890311956,2.3408792912960052e-06,7.5891148298978806e-06,0.0,0.23519850196316838
2286,194,25962,41.05798612511717,44.377300000000005,44.377300000000005,2.148700000000005,0.0,False,False,15,53,25,30,0.0,0.0,0.0026690619997680187,0.0015826909802854061,0.2569647701457143,2.2668391466140747e-06,7.496913895010948e-06,0.0,0.26124113891273737
2286,195,26090,41.27029587212019,44.377300000000005,44.377300000000005,2.148700000000005,0.0,False,False,15,54,25,30,0.0,0.0,0.0026470941957086325,0.0015922950115054846,0.20804440905340016,2.2959429770708084e-06,7.64988362789154e-06,0.0,0.21230865106917918
2286,196,26238,41.51500937505625,44.377300000000005,44.377300000000005,2.148700000000005,0.0,False,False,15,55,25,30,0.0,0.0,0.0026438948698341846,0.0015869440976530313,0.2404565359465778,2.3439060896635056e-06,7.561175152659416e-06,0.0,0.24471213296055794
2286,197,26328,41.66476006899029,44.377300000000005,44.377300000000005,2.148700000000005,0.0,False,False,15,56,25,30,0.0,0.0,0.0026446571573615074,0.0015906300395727158,0.14548961003310978,2.1760351955890656e-06,7.383059710264206e-06,0.0,0.14974926807917655
2286,198,26477,41.91101095196791,44.377300000000005,44.377300000000005,2.148700000000005,0.0,False,False,15,57,25,30,0.0,0.0,0.0026608139742165804,0.0015770478639751673,0.24198723305016756,2.3490283638238907e-06,7.613096386194229e-06,0.0,0.24624975817278028
2286,199,26596,42.10821137507446,44.377300000000005,44.377300000000005,2.148700000000005,0.0,False,False,15,58,25,30,0.0,0.0,0.002634800970554352,0.001593046123161912,0.19294646801427007,2.360902726650238e-06,7.61495903134346e-06,0.0,0.19719913601875305
2286,200,26767,42.39038562797941,44.377300000000005,44.377300000000005,2.148700000000005,0.0,False,False,15,59,25,30,0.0,0.0,0.002657738048583269,0.0015745540149509907,0.2779160758946091,2.3080501705408096e-06,8.505070582032204e-06,3.835815005004406e-05,0.2822127400431782
2286,201,26854,42.53534917905927,44.377300000000005,44.377300000000005,2.148700000000005,0.0,False,False,15,60,25,30,0.0,0.0,0.002645239932462573,0.00159403495490551,0.14065644098445773,3.739958629012108e-06,7.68597237765789e-06,0.0,0.1449226480908692
2286,202,27010,42.79344980814494,44.377300000000005,44.377300000000005,2.148700000000005,0.0,False,False,16,61,25,32,0.0,0.0,0.0028104090597480536,0.001597024966031313,0.2536657869350165,2.651941031217575e-06,7.953029125928879e-06,0.0,0.25809954199939966
2286,203,27172,43.06121550896205,44.377300000000005,44.377300000000005,2.148700000000005,0.0,False,False,16,62,25,32,0.0,0.0,0.00281734811142087,0.0015787850134074688,0.263342424063012,2.2780150175094604e-06,7.899012416601181e-06,0.0,0.26776409382000566
2286,204,27289,43.25537021202035,44.377300000000005,44.377300000000005,2.148700000000005,0.0,False,False,16,63,25,32,0.0,0.0,0.002834143117070198,0.0015845149755477905,0.18970928993076086,2.369983121752739e-06,7.6000578701496124e-06,0.0,0.19415314379148185
2286,205,27424,43.47904977411963,44.377300000000005,44.377300000000005,2.148700000000005,0.0,False,False,16,64,25,32,0.0,0.0,0.0028059601318091154,0.0015888630878180265,0.21925891190767288,2.30385921895504e-06,7.89295881986618e-06,0.0,0.22367857513017952
2286,206,27597,43.76556586404331,44.377300000000005,44.377300000000005,2.148700000000005,0.0,False,False,16,65,25,32,0.0,0.0,0.0028107708785682917,0.0016031949780881405,0.282075917115435,2.2659078240394592e-06,7.6070427894592285e-06,0.0,0.286514462903142
2286,207,27797,44.09576295292936,44.377300000000005,44.377300000000005,2.148700000000005,0.0,False,False,16,66,25,32,0.0,0.0,0.0028175299521535635,0.0015810050535947084,0.3257725751027465,2.2780150175094604e-06,7.495051249861717e-06,0.0,0.3301957789808512
2286,208,27888,44.24733001203276,44.377300000000005,44.377300000000005,2.148700000000005,0.0,False,False,16,67,25,32,0.0,0.0,0.002822163049131632,0.0015769230667501688,0.14714205218479037,2.3259781301021576e-06,7.594004273414612e-06,0.0,0.15156588493846357
2286,209,28035,44.49045280809514,44.377300000000005,44.377300000000005,2.148700000000005,0.0,False,False,16,68,25,32,0.0,0.0,0.002813061000779271,0.0015921820886433125,0.23869169200770557,2.2740568965673447e-06,7.814029231667519e-06,0.0,0.24312173388898373
2286,210,28144,44.67211566399783,44.377300000000005,44.377300000000005,2.148700000000005,0.0,False,False,16,69,25,32,0.0,0.0,0.0028010429814457893,0.001586675876751542,0.1772490011062473,2.2689346224069595e-06,7.812166586518288e-06,3.830203786492348e-05,0.18170027108862996
2286,211,28277,44.893273482099175,44.377300000000005,44.377300000000005,2.148700000000005,0.0,False,False,16,70,25,32,0.0,0.0,0.0028462198097258806,0.0015888968482613564,0.2166550331749022,4.130182787775993e-06,8.285045623779297e-06,0.0,0.22111859102733433
2286,212,28454,45.18598249205388,44.377300000000005,44.377300000000005,2.148700000000005,0.0,False,False,17,71,25,34,0.0,0.0,0.0030034140218049288,0.0015908400528132915,0.28808658802881837,2.3851171135902405e-06,7.779104635119438e-06,0.0,0.29270678386092186
2286,213,28569,45.37812674208544,44.377300000000005,44.377300000000005,2.148700000000005,0.0,False,False,17,72,25,34,0.0,0.0,0.002994576934725046,0.0015885340981185436,0.1875347860623151,2.3068860173225403e-06,7.882015779614449e-06,0.0,0.19214286492206156
2286,214,28682,45.565832094987854,44.377300000000005,44.377300000000005,2.148700000000005,0.0,False,False,17,73,25,34,0.0,0.0,0.0029877489432692528,0.0015888309571892023,0.18310265289619565,2.3099128156900406e-06,7.596798241138458e-06,0.0,0.18770396197214723
2286,215,28853,45.84849458700046,44.377300000000005,44.377300000000005,2.148700000000005,0.0,False,False,17,74,25,34,0.0,0.0,0.0029856269247829914,0.0015901208389550447,0.2780604821164161,2.3369211703538895e-06,7.71903432905674e-06,0.0,0.2826611332129687
2286,216,29016,46.11800461309031,44.377300000000005,44.377300000000005,2.148700000000005,0.0,False,False,17,75,25,34,0.0,0.0,0.00299049005843699,0.0015832730568945408,0.26490988209843636,2.351822331547737e-06,7.471069693565369e-06,0.0,0.26950842794030905
2286,217,29184,46.3957585231401,44.377300000000005,44.377300000000005,2.148700000000005,0.0,False,False,17,76,25,34,0.0,0.0,0.0029903268441557884,0.0015825240407139063,0.2731548279989511,2.3909378796815872e-06,7.446156814694405e-06,0.0,0.27775252400897443
2286,218,29305,46.59656656300649,44.377300000000005,44.377300000000005,2.148700000000005,0.0,False,False,17,77,25,34,0.0,0.0,0.002991597866639495,0.0015783959534019232,0.19621203001588583,2.292916178703308e-06,7.597031071782112e-06,0.0,0.20080680097453296
2286,219,29406,46.764729829039425,44.377300000000005,44.377300000000005,2.148700000000005,0.0,False,False,17,78,25,34,0.0,0.0,0.0030276388861238956,0.0015817030798643827,0.1635278440080583,2.247048541903496e-06,7.530907168984413e-06,0.0,0.16816184017807245
2286,220,29502,46.92470394796692,44.377300000000005,44.377300000000005,2.148700000000005,0.0,False,False,17,79,25,34,0.0,0.0,0.0029915031045675278,0.0015706249978393316,0.1553858930710703,2.3299362510442734e-06,7.504131644964218e-06,3.919494338333607e-05,0.1600124421529472
2286,221,29625,47.12890081712976,44.377300000000005,44.377300000000005,2.148700000000005,0.0,False,False,17,80,25,34,0.0,0.0,0.0029931298922747374,0.0015872858930379152,0.199547739000991,3.987923264503479e-06,8.70879739522934e-06,0.0,0.20415733801200986
