seed,iter,eval_count,elapsed_s,alpha_used,rcl_size_mean,construction_sum_iqc,after_ls_sum_iqc,best_sum_iqc,delta_vs_baseline,delta_vs_best_prev,improved,no_improve_streak,local_search_accepted_moves,t_construction_s,t_candidate_eval_s,t_local_search_s,t_iter_total_s
1065,1,39,0.09866770543158054,0.9977907258839728,1357.0,51.484899999999996,52.009,52.009,0.7378,,True,0,25,0.012402364984154701,0.002214662730693817,0.08377731312066317,0.09842094779014587
1065,2,97,0.23941021505743265,0.9427301313297575,1022.4,52.1602,52.5905,52.5905,1.3192999999999984,0.5814999999999984,True,0,25,0.011981659568846226,0.0021027009934186935,0.12655796576291323,0.14067061990499496
1065,3,160,0.390577862970531,0.5673066683423685,263.66,51.442400000000006,52.78439999999999,52.78439999999999,1.5131999999999906,0.1938999999999922,True,0,25,0.010561312548816204,0.0021815113723278046,0.13832240644842386,0.15109688881784678
1065,4,223,0.5458549838513136,0.5380873285689832,247.81,51.891999999999996,53.027,53.027,1.7558000000000007,0.24260000000001014,True,0,25,0.010412692092359066,0.002190515398979187,0.14256856590509415,0.1552029876038432
1065,5,296,0.7218419993296266,0.8585348007982844,765.02,52.193099999999994,52.70329999999999,53.027,1.7558000000000007,0.0,False,1,25,0.011017462238669395,0.0022506648674607277,0.1626211479306221,0.1759140007197857
1065,6,371,0.9011614704504609,0.7091850247720213,437.59,51.5278,52.1721,53.027,1.7558000000000007,0.0,False,2,25,0.01145597267895937,0.002229408361017704,0.16559499222785234,0.17930586077272892
1065,7,418,1.0167324813082814,0.48764751211991697,220.6,51.93130000000001,53.679199999999994,53.679199999999994,2.407999999999994,0.6521999999999935,True,0,25,0.01015502866357565,0.002207200974225998,0.1031644269824028,0.11555692180991173
1065,8,469,1.1432184902951121,0.7038223081407059,439.01,51.29379999999999,52.0791,53.679199999999994,2.407999999999994,0.0,False,1,25,0.010672410950064659,0.0022497624158859253,0.11343252193182707,0.12638000212609768
1065,9,544,1.3225341634824872,0.07095191883492857,8.57,50.8861,52.5355,53.679199999999994,2.407999999999994,0.0,False,2,25,0.009869877249002457,0.0022353893145918846,0.16716879047453403,0.1793015729635954
1065,10,598,1.4516590116545558,0.7222649082478796,441.75,52.9207,54.0767,54.0767,2.805500000000002,0.39750000000000796,True,0,25,0.01047053188085556,0.002186102792620659,0.11642120499163866,0.1291098054498434
1065,11,665,1.611981987953186,0.2509290063940971,74.05,52.1989,54.3153,54.3153,3.0441000000000003,0.23859999999999815,True,0,25,0.010304952040314674,0.002234739251434803,0.14767319429665804,0.160243502818048
1065,12,746,1.8045721501111984,0.3247892651680693,128.74,52.133500000000005,54.22,54.3153,3.0441000000000003,0.0,False,1,25,0.010193092748522758,0.002218499779701233,0.1800901973620057,0.19252620730549097
1065,13,806,1.952404054813087,0.8765926894191496,838.16,52.2053,52.348600000000005,54.3153,3.0441000000000003,0.0,False,2,25,0.011405614204704762,0.002202260307967663,0.13418592605739832,0.14781919214874506
1065,14,885,2.13732682634145,0.30103971348385294,103.91,51.7705,52.84,54.3153,3.0441000000000003,0.0,False,3,25,0.01035266276448965,0.0020470963791012764,0.17248206119984388,0.1849079066887498
1065,15,950,2.292315156199038,0.8314287522780107,695.15,52.577099999999994,53.101800000000004,54.3153,3.0441000000000003,0.0,False,4,25,0.010908327996730804,0.002167869359254837,0.14187496807426214,0.15497572533786297
1065,16,992,2.3955377843230963,0.004155916016953531,1.21,44.9524,45.6875,54.3153,3.0441000000000003,0.0,False,5,25,0.009747342206537724,0.002208758145570755,0.09122855495661497,0.10320967808365822
1065,17,1060,2.5578970005735755,0.5841888664875317,270.01,51.644800000000004,53.83069999999999,54.3153,3.0441000000000003,0.0,False,6,25,0.01070548128336668,0.002230835147202015,0.14938573818653822,0.16234692372381687
1065,18,1109,2.677864466793835,0.8873168495781014,866.09,51.7958,52.4627,54.3153,3.0441000000000003,0.0,False,7,25,0.011091002263128757,0.002197403460741043,0.10664109513163567,0.11995378322899342
1065,19,1178,2.8403211692348123,0.08885222472575027,10.8,50.84400000000001,51.82749999999999,54.3153,3.0441000000000003,0.0,False,8,25,0.00976263266056776,0.0022091539576649666,0.150445107370615,0.16244260221719742
1065,20,1231,2.9715844495221972,0.4538173531685027,196.64,51.914,53.7649,54.3153,3.0441000000000003,0.0,False,9,25,0.01042074616998434,0.0021685073152184486,0.11863439716398716,0.1312496643513441
1065,21,1293,3.1189317740499973,0.2757772611549255,91.63,51.3614,52.7346,54.3153,3.0441000000000003,0.0,False,10,25,0.01011550985276699,0.0022033769637346268,0.13492704275995493,0.14727107621729374
1065,22,1342,3.239360373467207,0.5196536428272664,243.07,52.648500000000006,53.725100000000005,54.3153,3.0441000000000003,0.0,False,11,25,0.010346734896302223,0.0021143434569239616,0.10792659688740969,0.12041444424539804
1065,23,1419,3.419267044402659,0.034600050601191534,2.63,47.5559,48.764399999999995,54.3153,3.0441000000000003,0.0,False,12,25,0.009640267118811607,0.002187425270676613,0.16803748160600662,0.17989202495664358
1065,24,1499,3.609839214012027,0.8288621360288371,656.98,52.7231,53.3484,54.3153,3.0441000000000003,0.0,False,13,25,0.01121149305254221,0.002196595072746277,0.17710746359080076,0.19055881164968014
1065,25,1548,3.731381181627512,0.907354496865604,911.93,52.6527,53.2622,54.3153,3.0441000000000003,0.0,False,14,25,0.011279289610683918,0.0022331159561872482,0.1079913591966033,0.12152868881821632
1065,26,1606,3.872820316813886,0.5175689312137317,256.15,51.614200000000004,53.89059999999999,54.3153,3.0441000000000003,0.0,False,15,25,0.01032679807394743,0.0022339969873428345,0.1288395570591092,0.1414255816489458
1065,27,1657,3.9975781803950667,0.16615813963933646,43.77,49.7769,50.79090000000001,54.3153,3.0441000000000003,0.0,False,16,25,0.009984029456973076,0.00215880386531353,0.11257694475352764,0.12474491260945797
1065,28,1750,4.213788156397641,0.019488617428204846,2.38,47.5448,48.8283,54.3153,3.0441000000000003,0.0,False,17,25,0.009764602407813072,0.002238888293504715,0.20417076721787453,0.2161982385441661
1065,29,1812,4.3636515233665705,0.5101455596529011,246.03,51.7368,52.673300000000005,54.3153,3.0441000000000003,0.0,False,18,25,0.010331559926271439,0.0021591633558273315,0.13733564876019955,0.14985179342329502
1065,30,1870,4.505303684622049,0.251045491198981,72.54,51.75,53.439099999999996,54.3153,3.0441000000000003,0.0,False,19,25,0.009758098982274532,0.0022193435579538345,0.12963679153472185,0.14163885079324245
1065,31,1925,4.638861533254385,0.15660862035084777,34.24,50.666599999999995,52.6024,54.3153,3.0441000000000003,0.0,False,20,25,0.00997279491275549,0.0022172443568706512,0.12125835567712784,0.13347553461790085
1065,32,1991,4.8014996368438005,0.8110499160271402,604.7,52.611399999999996,53.25150000000001,54.3153,3.0441000000000003,0.0,False,21,25,0.01117631047964096,0.002207745797932148,0.1492087859660387,0.16262502409517765
1065,33,2094,5.0438289400190115,0.1865438641445143,56.49,51.019600000000004,52.0399,54.3153,3.0441000000000003,0.0,False,22,25,0.009910758584737778,0.002192620187997818,0.23018548917025328,0.24231464322656393
1065,34,2164,5.208558178506792,0.1243656297518344,20.99,49.5256,50.4704,54.3153,3.0441000000000003,0.0,False,23,25,0.009950182400643826,0.002152740955352783,0.1525881728157401,0.16471555549651384
1065,35,2230,5.366330500692129,0.9981730445254635,1357.0,52.086999999999996,52.58669999999999,54.3153,3.0441000000000003,0.0,False,24,25,0.011581318452954292,0.002204188145697117,0.1439504660665989,0.15776034351438284
1065,36,2294,5.518111421726644,0.8835984880076059,852.85,51.8342,52.571,54.3153,3.0441000000000003,0.0,False,25,25,0.011207636445760727,0.002139931544661522,0.13839253038167953,0.15176621917635202
1065,37,2381,5.722265948541462,0.4593304003280686,188.95,52.2382,53.76969999999999,54.3153,3.0441000000000003,0.0,False,26,25,0.010311154648661613,0.0022339988499879837,0.19156880676746368,0.2041407646611333
1065,38,2423,5.825633081607521,0.8715120158670672,828.05,51.8772,52.327099999999994,54.3153,3.0441000000000003,0.0,False,27,25,0.011097187176346779,0.0022587068378925323,0.08996833488345146,0.10335201304405928
1065,39,2487,5.980535048060119,0.8335995989870322,708.43,51.61749999999999,52.34100000000001,54.3153,3.0441000000000003,0.0,False,28,25,0.01252604741603136,0.0022259699180722237,0.14010607544332743,0.1548873083665967
1065,40,2550,6.133260088972747,0.25752299263291145,98.77,51.6946,53.353699999999996,54.3153,3.0441000000000003,0.0,False,29,25,0.010780400596559048,0.002228768542408943,0.13967644330114126,0.15271108224987984
1065,41,2614,6.289965740405023,0.7306519581391197,437.68,52.5072,53.457100000000004,54.3153,3.0441000000000003,0.0,False,30,25,0.010777703486382961,0.0022391267120838165,0.14358125161379576,0.15662329085171223
1065,42,2672,6.4274528147652745,0.1765742050472482,46.72,49.7953,50.8519,54.3153,3.0441000000000003,0.0,False,31,25,0.010117451660335064,0.0022307252511382103,0.12509868945926428,0.13747197948396206
1065,43,2757,6.625091307796538,0.05922593422625022,4.39,47.6042,48.732,54.3153,3.0441000000000003,0.0,False,32,25,0.009700643830001354,0.002177567221224308,0.1857231417670846,0.19762508012354374
1065,44,2822,6.781923764385283,0.04831988362278916,2.64,47.67959999999999,48.4768,54.3153,3.0441000000000003,0.0,False,33,25,0.009823736734688282,0.002254163846373558,0.14471351727843285,0.15681809559464455
1065,45,2882,6.924981150776148,0.3688550002654285,154.15,50.89920000000001,53.0283,54.3153,3.0441000000000003,0.0,False,34,25,0.010215210728347301,0.0021908199414610863,0.1306116096675396,0.14304302725940943
1065,46,2947,7.080869052559137,0.7920480120249309,565.82,51.33,52.97200000000001,54.3153,3.0441000000000003,0.0,False,35,25,0.011004645377397537,0.0022218264639377594,0.14262426644563675,0.15587480831891298
1065,47,3008,7.23029937595129,0.39309793286452066,142.1,52.4434,53.502100000000006,54.3153,3.0441000000000003,0.0,False,36,25,0.010261467657983303,0.0021680817008018494,0.1369612142443657,0.14941640105098486
1065,48,3067,7.37795112002641,0.8806647206057969,853.25,52.306799999999996,52.80290000000001,54.3153,3.0441000000000003,0.0,False,37,25,0.012652762234210968,0.002198697067797184,0.13276431243866682,0.14763899147510529
1065,49,3122,7.512563935481012,0.3949155201232286,152.65,52.0685,52.6903,54.3153,3.0441000000000003,0.0,False,38,25,0.011855393648147583,0.0022634249180555344,0.12045423872768879,0.1345987431704998
1065,50,3182,7.656984420493245,0.8495395621065157,737.25,52.0857,52.69919999999999,54.3153,3.0441000000000003,0.0,False,39,25,0.01109914481639862,0.00224109273403883,0.13103968184441328,0.14440684858709574
1065,51,3249,7.816586849279702,0.8344288361831848,686.14,52.753299999999996,53.1266,54.3153,3.0441000000000003,0.0,False,40,25,0.01080289576202631,0.002127484418451786,0.14656838588416576,0.15952279418706894
1065,52,3311,7.965876269154251,0.6982068460024011,390.73,52.5089,53.65260000000001,54.3153,3.0441000000000003,0.0,False,41,25,0.010861515998840332,0.0022132424637675285,0.13617779966443777,0.14927640091627836
1065,53,3359,8.082297523505986,0.4665334938935758,200.42,52.5889,54.315799999999996,54.315799999999996,3.0445999999999955,0.000499999999995282,True,0,25,0.01006217673420906,0.002210969105362892,0.10410370584577322,0.11640755273401737
1065,54,3460,8.316809526644647,0.08128899244834187,11.52,51.0607,52.314499999999995,54.315799999999996,3.0445999999999955,0.0,False,1,25,0.009732845239341259,0.0022370610386133194,0.2224402017891407,0.23443544562906027
1065,55,3526,8.474803150631487,0.15549812254428652,34.76,50.5325,52.28509999999999,54.315799999999996,3.0445999999999955,0.0,False,2,25,0.009790586307644844,0.0021602772176265717,0.14600584749132395,0.15798053238540888
1065,56,3579,8.604247360490263,0.8785467978851131,842.45,52.093300000000006,52.6928,54.315799999999996,3.0445999999999955,0.0,False,3,25,0.011137213557958603,0.0021647149696946144,0.11610496509820223,0.1294310735538602
1065,57,3633,8.73544249497354,0.9730092363311611,1143.0,52.249399999999994,52.5446,54.315799999999996,3.0445999999999955,0.0,False,4,25,0.011410949751734734,0.0021193763241171837,0.11762883234769106,0.13118242379277945
1065,58,3682,8.856167552061379,0.944515559704005,1031.0,52.09669999999999,52.477900000000005,54.315799999999996,3.0445999999999955,0.0,False,5,25,0.011532008647918701,0.0020994823426008224,0.10705781355500221,0.12071206234395504
1065,59,3729,8.96979140304029,0.6060615092266399,306.04,51.7249,52.8177,54.315799999999996,3.0445999999999955,0.0,False,6,25,0.01066538691520691,0.0021875351667404175,0.10073437076061964,0.1136106001213193
1065,60,3787,9.109805930405855,0.7048531335229423,427.36,51.7688,52.324600000000004,54.315799999999996,3.0445999999999955,0.0,False,7,25,0.010500076226890087,0.0021116724237799644,0.12735533248633146,0.14000202622264624
1065,61,3847,9.255425821989775,0.9601694475390573,1101.0,52.4287,52.726699999999994,54.315799999999996,3.0445999999999955,0.0,False,8,25,0.011488606221973896,0.0021690791472792625,0.13185638189315796,0.14553703926503658
1065,62,3902,9.386882497929037,0.12910364330617108,23.22,49.8235,51.17790000000001,54.315799999999996,3.0445999999999955,0.0,False,9,25,0.009947714395821095,0.0022372808307409286,0.11923682410269976,0.13144408352673054
1065,63,3938,9.49971591308713,0.016541497417592255,1.56,44.9524,45.83500000000001,54.315799999999996,3.0445999999999955,0.0,False,10,25,0.012820346280932426,0.0026400256901979446,0.09734028205275536,0.11282199062407017
1065,64,4057,9.843637145124376,0.21141654084626704,54.65,51.824,53.16600000000001,54.315799999999996,3.0445999999999955,0.0,False,11,25,0.013001859188079834,0.0026406822726130486,0.3282484011724591,0.34391060192137957
1065,65,4124,10.043637488037348,0.6066131837434328,311.86,52.54,53.789300000000004,54.315799999999996,3.0445999999999955,0.0,False,12,25,0.013652665540575981,0.002632889896631241,0.1836840184405446,0.1999899297952652
1065,66,4175,10.198691670782864,0.32221027854874296,118.85,51.717600000000004,53.0055,54.315799999999996,3.0445999999999955,0.0,False,13,25,0.013235979713499546,0.0027632229030132294,0.13902430515736341,0.15504282154142857
1065,67,4232,10.369696109555662,0.14919572966260541,31.37,50.6455,51.9019,54.315799999999996,3.0445999999999955,0.0,False,14,25,0.012901289388537407,0.0026297885924577713,0.15544206835329533,0.17099361959844828
1065,68,4301,10.574480280280113,0.35998614681510577,112.73,53.235699999999994,54.692699999999995,54.692699999999995,3.4214999999999947,0.3768999999999991,True,0,25,0.013186569325625896,0.0026244409382343292,0.18893828615546227,0.20477311499416828
1065,69,4358,10.747085681185126,0.7611098034956577,479.77,51.2946,51.986000000000004,54.692699999999995,3.4214999999999947,0.0,False,1,25,0.013999847695231438,0.0027584945783019066,0.15576504170894623,0.17254374455660582
1065,70,4419,10.929627143777907,0.27189116116746515,87.69,52.076800000000006,54.0885,54.692699999999995,3.4214999999999947,0.0,False,2,25,0.013112226501107216,0.002623152919113636,0.1667742934077978,0.18253006506711245
1065,71,4469,11.082594132982194,0.684361617066416,368.62,53.1588,54.06439999999999,54.692699999999995,3.4214999999999947,0.0,False,3,25,0.013820977881550789,0.002782190218567848,0.13628479093313217,0.15290723647922277
1065,72,4531,11.267889101058245,0.4269861085908614,162.56,52.1901,54.29809999999999,54.692699999999995,3.4214999999999947,0.0,False,4,25,0.01330326497554779,0.0026340801268815994,0.169326932169497,0.18528391234576702
1065,73,4591,11.44693657848984,0.10778345240904863,17.33,49.0929,50.6746,54.692699999999995,3.4214999999999947,0.0,False,5,25,0.01284472830593586,0.0026133060455322266,0.16356010641902685,0.17903659213334322
1065,74,4643,11.603912179358304,0.2112765099208016,54.29,51.82469999999999,53.501000000000005,54.692699999999995,3.4214999999999947,0.0,False,6,25,0.012982302345335484,0.002618621103465557,0.14134251046925783,0.15696429926902056
1065,75,4716,11.81921567954123,0.13780493856464904,28.46,50.622699999999995,51.6673,54.692699999999995,3.4214999999999947,0.0,False,7,25,0.01289913710206747,0.002619554288685322,0.19975516479462385,0.21529315877705812
1065,76,4781,12.012166794389486,0.12008470747725974,22.95,50.4428,51.325,54.692699999999995,3.4214999999999947,0.0,False,8,25,0.012887498363852501,0.002613338641822338,0.17741978354752064,0.19294000789523125
1065,77,4849,12.214636973105371,0.700705019632495,407.23,52.9631,54.139799999999994,54.692699999999995,3.4214999999999947,0.0,False,9,25,0.013891369104385376,0.002736508846282959,0.1858124751597643,0.20245983265340328
1065,78,4898,12.364006923511624,0.6097543456354794,322.91,52.094300000000004,53.36139999999999,54.692699999999995,3.4214999999999947,0.0,False,10,25,0.013679126277565956,0.0026062745600938797,0.13305525854229927,0.1493590408936143
1065,79,4946,12.511718749068677,0.46480075992674397,196.6,51.57950000000001,53.002500000000005,54.692699999999995,3.4214999999999947,0.0,False,11,25,0.013412700966000557,0.0027562957257032394,0.13151416089385748,0.1477016918361187
1065,80,5006,12.690818089991808,0.1740595772660437,44.8,49.9464,51.6464,54.692699999999995,3.4214999999999947,0.0,False,12,25,0.012970657087862492,0.0026252567768096924,0.16347372625023127,0.17908906657248735
1065,81,5088,12.931419994682074,0.44367969867309565,173.29,51.6513,53.307599999999994,54.692699999999995,3.4214999999999947,0.0,False,13,25,0.013353154063224792,0.002611481584608555,0.22455597762018442,0.24053975101560354
1065,82,5159,13.141839124262333,0.6826813452201042,377.27,53.3026,53.88869999999999,54.692699999999995,3.4214999999999947,0.0,False,14,25,0.013771242462098598,0.0026108939200639725,0.19400676060467958,0.2104080617427826
1065,83,5217,13.315489931032062,0.20774647088230813,64.18,50.9276,52.03209999999999,54.692699999999995,3.4214999999999947,0.0,False,15,25,0.01302091870456934,0.002601797692477703,0.15799916442483664,0.17364055756479502
1065,84,5266,13.465046308934689,0.7046670667095908,419.28,52.3719,53.5942,54.692699999999995,3.4214999999999947,0.0,False,16,25,0.0139028774574399,0.0026148874312639236,0.13300961535423994,0.14954659529030323
1065,85,5310,13.601082594133914,0.7889897355487865,532.77,52.2559,53.4207,54.692699999999995,3.4214999999999947,0.0,False,17,25,0.01420570258051157,0.0026035867631435394,0.11919710971415043,0.13602550886571407
1065,86,5389,13.832340664230287,0.06758509801752444,8.04,50.4276,51.3398,54.692699999999995,3.4214999999999947,0.0,False,18,25,0.012815967202186584,0.002597389742732048,0.21581622771918774,0.2312478870153427
1065,87,5443,13.996917336247861,0.9328110302334366,974.97,51.9975,52.4512,54.692699999999995,3.4214999999999947,0.0,False,19,25,0.015097514726221561,0.002725697122514248,0.14672503527253866,0.16456677671521902
1065,88,5532,14.257750038988888,0.8159151239152321,614.8,53.57600000000001,54.154700000000005,54.692699999999995,3.4214999999999947,0.0,False,20,25,0.014401976019144058,0.00259376410394907,0.24380835611373186,0.26082318648695946
1065,89,5599,14.455839005298913,0.05101031044275883,4.02,47.422399999999996,49.0492,54.692699999999995,3.4214999999999947,0.0,False,21,25,0.012808629311621189,0.0026033902540802956,0.18264897726476192,0.1980786882340908
1065,90,5665,14.651344545185566,0.19615194926652357,56.41,50.6284,52.15979999999999,54.692699999999995,3.4214999999999947,0.0,False,22,25,0.012991592288017273,0.002612055279314518,0.1798739144578576,0.19549594167619944
1065,91,5718,14.811303148046136,0.44323751840971193,188.0,52.3977,53.722,54.692699999999995,3.4214999999999947,0.0,False,23,25,0.013382603414356709,0.0025910232216119766,0.14391603041440248,0.15990770608186722
1065,92,5770,14.968609666451812,0.4491852369698843,198.39,52.5476,53.4537,54.692699999999995,3.4214999999999947,0.0,False,24,25,0.013385576196014881,0.002594081684947014,0.1413002908229828,0.15729742590337992
1065,93,5815,15.105891925282776,0.11433892589812955,18.96,50.549099999999996,52.2901,54.692699999999995,3.4214999999999947,0.0,False,25,25,0.01286864560097456,0.0025939587503671646,0.12178296223282814,0.13726441096514463
1065,94,5864,15.256534068845212,0.9053508902075972,906.8,52.114,52.5056,54.692699999999995,3.4214999999999947,0.0,False,26,25,0.014932919293642044,0.0027089696377515793,0.13297254499047995,0.1506315255537629
1065,95,5916,15.415650323964655,0.9127455972631954,922.05,52.2478,52.477399999999996,54.692699999999995,3.4214999999999947,0.0,False,27,25,0.014947798103094101,0.0027290042489767075,0.14141309075057507,0.1591068971902132
1065,96,5969,15.576229950413108,0.7321807321238241,434.36,53.220299999999995,53.7043,54.692699999999995,3.4214999999999947,0.0,False,28,25,0.013903736136853695,0.002590799704194069,0.14405834767967463,0.1605699984356761
1065,97,6044,15.799069815315306,0.9186121425364795,933.95,52.539100000000005,53.3266,54.692699999999995,3.4214999999999947,0.0,False,29,25,0.014984413981437683,0.0027281465008854866,0.2051003761589527,0.22283092979341745
1065,98,6110,15.995274529792368,0.5799128255664084,289.36,52.485,53.510200000000005,54.692699999999995,3.4214999999999947,0.0,False,30,25,0.01358775980770588,0.002607676200568676,0.17998002376407385,0.19619439635425806
1065,99,6173,16.183537111617625,0.6270112957572854,300.91,52.31700000000001,52.88520000000001,54.692699999999995,3.4214999999999947,0.0,False,31,25,0.01361943781375885,0.0027131931856274605,0.1719016619026661,0.188252042979002
1065,100,6234,16.366841854527593,0.7984797673778589,570.28,52.3094,53.0013,54.692699999999995,3.4214999999999947,0.0,False,32,25,0.014310174621641636,0.0027066851034760475,0.16626069601625204,0.18329487182199955
1065,101,6296,16.55279362015426,0.2856131603757014,91.94,51.4387,52.546800000000005,54.692699999999995,3.4214999999999947,0.0,False,33,25,0.013136745430529118,0.0025992225855588913,0.17015101294964552,0.18590430170297623
1065,102,6353,16.723705098964274,0.27848697032856895,89.07,51.3695,53.5804,54.692699999999995,3.4214999999999947,0.0,False,34,25,0.013134610839188099,0.00257844477891922,0.15514943189918995,0.17087988276034594
1065,103,6404,16.878795720636845,0.7388298781264555,462.68,52.21029999999999,53.70360000000001,54.692699999999995,3.4214999999999947,0.0,False,35,25,0.013947142288088799,0.0027314452454447746,0.1383810918778181,0.15507632959634066
1065,104,6466,17.06418540608138,0.7278659494112091,442.69,52.382999999999996,52.9557,54.692699999999995,3.4214999999999947,0.0,False,36,25,0.013926182873547077,0.002592042088508606,0.16884504538029432,0.18538093473762274
1065,105,6552,17.316081307828426,0.7293430968664517,456.97,52.30200000000001,53.45869999999999,54.692699999999995,3.4214999999999947,0.0,False,37,25,0.013941184617578983,0.002581588923931122,0.23534673545509577,0.2518864283338189
1065,106,6597,17.454285899177194,0.6978016747507382,431.59,51.9062,52.716300000000004,54.692699999999995,3.4214999999999947,0.0,False,38,25,0.013940648175776005,0.0025796685367822647,0.12165785115212202,0.13819553330540657
1065,107,6665,17.655838270671666,0.6082820132593402,286.3,53.21430000000001,54.147999999999996,54.692699999999995,3.4214999999999947,0.0,False,39,25,0.013587797991931438,0.0025948015972971916,0.18534412421286106,0.20154389459639788
1065,108,6730,17.85025517269969,0.8460108854934654,723.96,52.3865,52.7141,54.692699999999995,3.4214999999999947,0.0,False,40,25,0.014620784670114517,0.002577005885541439,0.17719372920691967,0.19440815038979053
1065,109,6790,18.02939137071371,0.38550251358334275,141.79,50.8307,51.8735,54.692699999999995,3.4214999999999947,0.0,False,41,25,0.013205599039793015,0.0025957608595490456,0.16330879367887974,0.17912731133401394
1065,110,6856,18.224480658769608,0.03260545176677088,2.98,47.265299999999996,48.3989,54.692699999999995,3.4214999999999947,0.0,False,42,25,0.012793772853910923,0.0025787316262722015,0.17969066090881824,0.19508012291043997
1065,111,6906,18.37648605182767,0.6143861516927985,311.7,51.622299999999996,53.0918,54.692699999999995,3.4214999999999947,0.0,False,43,25,0.013644790276885033,0.0025803055614233017,0.13571952749043703,0.15196157805621624
1065,112,6980,18.59418303798884,0.26917982880561697,80.13,51.8266,53.67360000000001,54.692699999999995,3.4214999999999947,0.0,False,44,25,0.013077746145427227,0.002598394639790058,0.20199583657085896,0.21768840309232473
1065,113,7054,18.812359761446714,0.5154742751920821,237.65,52.27770000000001,53.568299999999994,54.692699999999995,3.4214999999999947,0.0,False,45,25,0.01345552783459425,0.0026011858135461807,0.20208863262087107,0.2181618856266141
1065,114,7114,18.992518983781338,0.8053867222153118,578.27,51.8261,52.8441,54.692699999999995,3.4214999999999947,0.0,False,46,25,0.014326008036732674,0.0025846604257822037,0.16322335228323936,0.18015051446855068
1065,115,7175,19.174194876104593,0.2351503281372188,67.92,51.4502,54.02330000000001,54.692699999999995,3.4214999999999947,0.0,False,47,25,0.01302236970514059,0.002596884034574032,0.16603155992925167,0.1816673567518592
1065,116,7248,19.388910125941038,0.23367496841736202,68.42,51.913799999999995,54.373000000000005,54.692699999999995,3.4214999999999947,0.0,False,48,25,0.013014845550060272,0.0025828881189227104,0.1990935355424881,0.21470727864652872
1065,117,7288,19.512115690857172,0.09189708434459531,13.79,49.8051,51.021100000000004,54.692699999999995,3.4214999999999947,0.0,False,49,25,0.012821621261537075,0.0025801844894886017,0.10777956433594227,0.12319732364267111
1065,118,7360,19.72593481373042,0.8643093930425302,778.62,52.7627,53.053900000000006,54.692699999999995,3.4214999999999947,0.0,False,50,25,0.014708862639963627,0.0025696977972984314,0.19651621114462614,0.21381082478910685
1065,119,7409,19.875574068166316,0.809827839329086,596.84,52.310199999999995,52.94630000000001,54.692699999999995,3.4214999999999947,0.0,False,51,25,0.014326531440019608,0.002583930268883705,0.13270462397485971,0.1496312953531742
1065,120,7473,20.066340113058686,0.6920986083093411,421.04,52.139900000000004,53.4458,54.692699999999995,3.4214999999999947,0.0,False,52,25,0.013859239406883717,0.0025871731340885162,0.1742959339171648,0.19075824040919542
1065,121,7556,20.308919668197632,0.4862451684538316,205.35,53.0056,54.19160000000001,54.692699999999995,3.4214999999999947,0.0,False,53,25,0.01338276732712984,0.0025932760909199715,0.22654333524405956,0.24253543186932802
1065,122,7615,20.484984683804214,0.2498544155676523,84.79,51.5491,53.2231,54.692699999999995,3.4214999999999947,0.0,False,54,25,0.013082772493362427,0.002577804960310459,0.16038093622773886,0.17605707794427872
1065,123,7675,20.664243856444955,0.43585113155929966,193.04,52.527800000000006,53.6827,54.692699999999995,3.4214999999999947,0.0,False,55,25,0.013352272100746632,0.0025834646075963974,0.16328563261777163,0.1792390514165163
1065,124,7746,20.873369473032653,0.20660253389479577,58.03,51.38290000000001,53.168400000000005,54.692699999999995,3.4214999999999947,0.0,False,56,25,0.012997318990528584,0.0025980910286307335,0.1935011399909854,0.20911484863609076
1065,125,7812,21.068923466838896,0.45722778647854145,195.31,52.76830000000001,54.346900000000005,54.692699999999995,3.4214999999999947,0.0,False,57,25,0.013385500758886337,0.0025788163766264915,0.17956284526735544,0.1955437883734703
1065,126,7864,21.22709890268743,0.8109968401732242,628.93,52.1049,52.89059999999999,54.692699999999995,3.4214999999999947,0.0,False,58,25,0.01443187054246664,0.002594609744846821,0.1411243798211217,0.1581671889871359
1065,127,7909,21.364076022058725,0.10862542601151304,17.55,50.084599999999995,51.48570000000001,54.692699999999995,3.4214999999999947,0.0,False,59,25,0.01279983390122652,0.0025982940569519997,0.12155452277511358,0.1369691276922822
1065,128,7963,21.527202448807657,0.6828074800308384,376.5,52.640299999999996,53.2423,54.692699999999995,3.4214999999999947,0.0,False,60,25,0.013766159303486347,0.0025856206193566322,0.1467506131157279,0.16311856638640165
1065,129,8057,21.799634562805295,0.06302943639891878,5.74,48.16030000000001,49.68849999999999,54.692699999999995,3.4214999999999947,0.0,False,61,25,0.012787642888724804,0.0025853579863905907,0.25703449454158545,0.2724244240671396
1065,130,8109,21.95815602131188,0.8785439687269303,833.66,52.332499999999996,52.820100000000004,54.692699999999995,3.4214999999999947,0.0,False,62,25,0.01480164285749197,0.002574634738266468,0.14111969619989395,0.15851203352212906
1065,131,8168,22.133861958049238,0.012078690937866732,1.51,44.9524,45.8094,54.692699999999995,3.4214999999999947,0.0,False,63,25,0.012777863070368767,0.002574940212070942,0.16029399447143078,0.1756629031151533
1065,132,8231,22.321207833476365,0.4797912432292526,205.73,53.242999999999995,54.8182,54.8182,3.546999999999997,0.1255000000000024,True,0,25,0.013379869982600212,0.0025877878069877625,0.17135054524987936,0.18733806628733873
1065,133,8293,22.50668480899185,0.7752937156214207,500.45,52.8969,53.7395,54.8182,3.546999999999997,0.0,False,1,25,0.01404456328600645,0.0027068350464105606,0.1686565112322569,0.18542402982711792
1065,134,8364,22.71593753620982,0.2323124510923319,74.9,50.72709999999999,52.045,54.8182,3.546999999999997,0.0,False,2,25,0.01305556669831276,0.0025933384895324707,0.1935798916965723,0.20924488455057144
1065,135,8436,22.93079100549221,0.9914685042953639,1336.0,51.80760000000001,51.98519999999999,54.8182,3.546999999999997,0.0,False,3,25,0.015801656059920788,0.002590176649391651,0.1964378161355853,0.21484575420618057
1065,136,8506,23.13771748635918,0.5202227943271377,253.39,52.657399999999996,54.4991,54.8182,3.546999999999997,0.0,False,4,25,0.013447754085063934,0.0025895554572343826,0.1908655008301139,0.20691857114434242
1065,137,8545,23.260257468558848,0.8720978085664612,803.89,52.2787,52.9581,54.8182,3.546999999999997,0.0,False,5,25,0.014745909720659256,0.0025821970775723457,0.1051873629912734,0.12253205757588148
1065,138,8633,23.516323233023286,0.08014202592405051,11.47,51.523799999999994,52.551500000000004,54.8182,3.546999999999997,0.0,False,6,25,0.01282862015068531,0.002591143362224102,0.24062048830091953,0.2560569467023015
1065,139,8679,23.65757478028536,0.7387962819190393,461.5,51.836400000000005,52.7899,54.8182,3.546999999999997,0.0,False,7,25,0.013928011059761047,0.0026967814192175865,0.1246021082624793,0.14124299306422472
1065,140,8758,23.888555441983044,0.028844847991206568,2.88,46.8779,47.9183,54.8182,3.546999999999997,0.0,False,8,25,0.0127918291836977,0.0025841612368822098,0.21558102779090405,0.23097285442054272
1065,141,8812,24.05216908082366,0.7955707017045308,548.04,52.59610000000001,53.724900000000005,54.8182,3.546999999999997,0.0,False,9,25,0.014267658814787865,0.002705305814743042,0.14658179506659508,0.16357082314789295
1065,142,8861,24.203001584857702,0.9522929049031119,1066.25,51.9822,52.541,54.8182,3.546999999999997,0.0,False,10,25,0.01526712253689766,0.0027101775631308556,0.13283127266913652,0.15082452725619078
1065,143,8928,24.402978588826954,0.8422050724182434,739.34,51.7462,52.16510000000001,54.8182,3.546999999999997,0.0,False,11,25,0.014603077434003353,0.0027009472250938416,0.18263766635209322,0.19995751790702343
1065,144,9006,24.63398127257824,0.9267726314565019,949.02,51.9843,52.46889999999999,54.8182,3.546999999999997,0.0,False,12,25,0.0149698406457901,0.002705555409193039,0.2133036134764552,0.23099485971033573
1065,145,9056,24.78703902941197,0.8886454208200599,866.01,51.9052,52.218399999999995,54.8182,3.546999999999997,0.0,False,13,25,0.01483031827956438,0.0025900574401021004,0.13561361376196146,0.15304971020668745
1065,146,9112,24.95524096209556,0.5708196880859727,282.66,52.54599999999999,54.1251,54.8182,3.546999999999997,0.0,False,14,25,0.01354908850044012,0.0025829412043094635,0.15204619523137808,0.16819403041154146
1065,147,9155,25.086781406775117,0.13812684984932022,27.74,49.916399999999996,51.4037,54.8182,3.546999999999997,0.0,False,15,25,0.012860843911767006,0.0025872010737657547,0.11606881860643625,0.1315327249467373
1065,148,9217,25.27070865314454,0.1250361649640669,21.01,50.812,52.4582,54.8182,3.546999999999997,0.0,False,16,25,0.012842961587011814,0.0025899410247802734,0.16847095731645823,0.183919589035213
1065,149,9282,25.464247909374535,0.7033927091338057,424.56,51.6917,53.340900000000005,54.8182,3.546999999999997,0.0,False,17,25,0.013885467313230038,0.0025901636108756065,0.17703889682888985,0.19353153463453054
1065,150,9345,25.652034480124712,0.5588094223655029,267.75,52.13250000000001,53.146899999999995,54.8182,3.546999999999997,0.0,False,18,25,0.013527516275644302,0.0025818301364779472,0.17165265046060085,0.1877779932692647
1065,151,9422,25.87809261959046,0.4195456873099871,151.47,53.3788,54.6309,54.8182,3.546999999999997,0.0,False,19,25,0.013262704946100712,0.0025872159749269485,0.2101501291617751,0.22601624857634306
1065,152,9553,26.253410691395402,0.403981613210157,133.81,54.297,55.3211,55.3211,4.049900000000001,0.5029000000000039,True,0,25,0.013213969767093658,0.002582079730927944,0.35949457064270973,0.37531013041734695
1065,153,9600,26.398412219248712,0.9183854251378923,937.52,51.8271,52.4937,55.3211,4.049900000000001,0.0,False,1,25,0.014988616108894348,0.0025868741795420647,0.1273590549826622,0.14495043456554413
1065,154,9663,26.58496411703527,0.022819267055986026,2.63,47.3202,48.3594,55.3211,4.049900000000001,0.0,False,2,25,0.012812972068786621,0.002583881840109825,0.17113143485039473,0.1865441594272852
1065,155,9734,26.794156744144857,0.29210225422812464,87.04,52.8155,54.0063,55.3211,4.049900000000001,0.0,False,3,25,0.01310467068105936,0.0025788871571421623,0.19348546862602234,0.20918491668999195
1065,156,9789,26.95966018177569,0.5772201363055319,275.7,52.028800000000004,53.5542,55.3211,4.049900000000001,0.0,False,4,25,0.013528072275221348,0.002591320313513279,0.14936054218560457,0.16549583803862333
1065,157,9861,27.172794997692108,0.7608306685176076,495.79,52.1377,52.674499999999995,55.3211,4.049900000000001,0.0,False,5,25,0.014017248526215553,0.0025855666026473045,0.19650824833661318,0.2131270607933402
1065,158,9923,27.357205308042467,0.3116522891908795,106.04,51.624700000000004,52.922,55.3211,4.049900000000001,0.0,False,6,25,0.013150246813893318,0.002581898123025894,0.16865461878478527,0.184402615763247
1065,159,9977,27.51917086634785,0.13464963888481551,23.98,49.9531,51.8252,55.3211,4.049900000000001,0.0,False,7,25,0.012850352562963963,0.002581113949418068,0.14651062712073326,0.1619579717516899
1065,160,10049,27.731431083753705,0.3254634092900115,121.64,51.55780000000001,53.9705,55.3211,4.049900000000001,0.0,False,8,25,0.013196763582527637,0.0025817956775426865,0.19645811337977648,0.21225248649716377
1065,161,10094,27.86842038668692,0.056890006476174815,4.25,47.2832,48.312799999999996,55.3211,4.049900000000001,0.0,False,9,25,0.01285584270954132,0.002591961994767189,0.12148353271186352,0.13694853149354458
1065,162,10177,28.110703822225332,0.27648662248852107,82.26,52.6602,54.57699999999999,55.3211,4.049900000000001,0.0,False,10,25,0.01310939434915781,0.0025865286588668823,0.22656268998980522,0.24227533303201199
1065,163,10238,28.293017857708037,0.6949989281644099,412.12,51.921499999999995,53.344899999999996,55.3211,4.049900000000001,0.0,False,11,25,0.013864251784980297,0.0025978656485676765,0.1658137170597911,0.18229313474148512
1065,164,10292,28.455059429630637,0.1333136674714892,24.43,50.432900000000004,51.74079999999999,55.3211,4.049900000000001,0.0,False,12,25,0.012883026152849197,0.0025824084877967834,0.1465515336021781,0.1620331136509776
1065,165,10349,28.62666062824428,0.7958738810950474,543.58,52.4991,52.9993,55.3211,4.049900000000001,0.0,False,13,25,0.014213450253009796,0.002591172233223915,0.15477216616272926,0.1715933633968234
1065,166,10411,28.81098119355738,0.3207398108663668,109.78,51.537499999999994,52.96610000000001,55.3211,4.049900000000001,0.0,False,14,25,0.01315323356539011,0.0025935834273695946,0.16854962706565857,0.18431244790554047
1065,167,10487,29.034154930152,0.4527258515944772,194.28,52.9965,54.587,55.3211,4.049900000000001,0.0,False,15,25,0.013335605151951313,0.002585900016129017,0.20722894556820393,0.2231661407276988
1065,168,10566,29.26567859761417,0.5214348985571368,252.98,51.9664,53.284299999999995,55.3211,4.049900000000001,0.0,False,16,25,0.013480788096785545,0.0025912700220942497,0.21542780008167028,0.23151592910289764
1065,169,10613,29.40837482083589,0.16364952484012696,38.39,49.947199999999995,51.2856,55.3211,4.049900000000001,0.0,False,17,25,0.01293786708265543,0.0025766678154468536,0.12715845555067062,0.1426885537803173
1065,170,10726,29.73356916476041,0.24554427389460176,75.34,52.2672,53.3445,55.3211,4.049900000000001,0.0,False,18,25,0.01307687908411026,0.0025857677683234215,0.3095081429928541,0.32518681697547436
1065,171,10797,29.942786154337227,0.19395596610210064,54.37,50.714600000000004,52.5562,55.3211,4.049900000000001,0.0,False,19,25,0.013000421226024628,0.00257845688611269,0.19357818085700274,0.20917311776429415
1065,172,10873,30.16629023849964,0.638121776108121,328.24,52.629999999999995,53.4143,55.3211,4.049900000000001,0.0,False,20,25,0.013671303167939186,0.0025850599631667137,0.20722415018826723,0.22349631134420633
1065,173,10915,30.297106680460274,0.9019351719851239,902.9,52.00750000000001,52.569900000000004,55.3211,4.049900000000001,0.0,False,21,25,0.014892193488776684,0.0025799553841352463,0.11330356728285551,0.1307932985946536
1065,174,10990,30.517392506822944,0.35479275582368375,131.22,52.35079999999999,53.64359999999999,55.3211,4.049900000000001,0.0,False,22,25,0.013211836107075214,0.0025838976725935936,0.20446501672267914,0.22027705609798431
1065,175,11051,30.699755204841495,0.6647070936786205,352.22,52.45009999999999,53.398300000000006,55.3211,4.049900000000001,0.0,False,23,25,0.013711623847484589,0.002711511217057705,0.16591492109000683,0.1823542807251215
1065,176,11112,30.88405031338334,0.9999060768866705,1357.0,51.98740000000001,52.509299999999996,55.3211,4.049900000000001,0.0,False,24,25,0.015829469077289104,0.002579903230071068,0.16586171090602875,0.18428684026002884
1065,177,11169,31.054311813786626,0.17823293819481278,48.34,49.4998,50.9679,55.3211,4.049900000000001,0.0,False,25,25,0.01292585488408804,0.0025891652330756187,0.15472294483333826,0.1702535329386592
1065,178,11217,31.200693120248616,0.6992922842180281,391.79,52.1509,53.437400000000004,55.3211,4.049900000000001,0.0,False,26,25,0.013762639835476875,0.002709397114813328,0.12988545186817646,0.14637343771755695
1065,179,11275,31.37676042225212,0.9952581614176453,1352.0,51.4289,51.9757,55.3211,4.049900000000001,0.0,False,27,25,0.015811358578503132,0.002712269313633442,0.1575199607759714,0.17605937272310257
1065,180,11324,31.524695203639567,0.06414211407953241,5.38,49.0624,50.319599999999994,55.3211,4.049900000000001,0.0,False,28,25,0.012791924178600311,0.0025880709290504456,0.13253126572817564,0.14792684186249971
1065,181,11383,31.70158126205206,0.6803590439564366,371.68,53.591499999999996,54.5398,55.3211,4.049900000000001,0.0,False,29,25,0.013744490221142769,0.0027101412415504456,0.16037122067064047,0.17684175167232752
1065,182,11432,31.849585824646056,0.007314948872409799,1.42,44.9524,45.8028,55.3211,4.049900000000001,0.0,False,30,25,0.012790229171514511,0.0026964079588651657,0.13249451108276844,0.14799677580595016
1065,183,11495,32.0366379423067,0.28607189416043644,91.33,50.2519,51.66369999999999,55.3211,4.049900000000001,0.0,False,31,25,0.013106771744787693,0.002582734450697899,0.17133883107453585,0.18704413436353207
1065,184,11602,32.34475526306778,0.1554444647147657,35.22,51.04050000000001,52.1117,55.3211,4.049900000000001,0.0,False,32,25,0.012891284190118313,0.0025853877887129784,0.2926072357222438,0.30809980630874634
1065,185,11659,32.51594643294811,0.2503005287877259,72.56,52.9602,54.3317,55.3211,4.049900000000001,0.0,False,33,25,0.013079646043479443,0.002578914165496826,0.15550878643989563,0.17118341755121946
1065,186,11718,32.69386401027441,0.8813519443669051,856.18,52.418499999999995,53.137499999999996,55.3211,4.049900000000001,0.0,False,34,25,0.014856329187750816,0.0025830846279859543,0.16045478079468012,0.17790980730205774
1065,187,11761,32.82543590757996,0.1669712333135095,41.47,50.0615,52.2187,55.3211,4.049900000000001,0.0,False,35,25,0.012913452461361885,0.0025768959894776344,0.11605796869844198,0.13156404625624418
1065,188,11815,32.98796302173287,0.5175407046694652,238.6,51.9899,53.739900000000006,55.3211,4.049900000000001,0.0,False,36,25,0.013478982262313366,0.002576063387095928,0.14644623175263405,0.1625176900997758
1065,189,11891,33.21064241230488,0.16621370526291968,39.42,50.365300000000005,52.2404,55.3211,4.049900000000001,0.0,False,37,25,0.012901692651212215,0.002587522380053997,0.20716603007167578,0.22267117258161306
1065,190,11954,33.39809704106301,0.5605681145988447,276.72,52.5102,53.7575,55.3211,4.049900000000001,0.0,False,38,25,0.013618896715342999,0.002589205279946327,0.17122249398380518,0.18744641914963722
1065,191,12038,33.643278687261045,0.318138721981164,110.53,52.424499999999995,54.404599999999995,55.3211,4.049900000000001,0.0,False,39,25,0.013206878677010536,0.0025913631543517113,0.22932385839521885,0.24513796251267195
1065,192,12095,33.81454128026962,0.7005579301532889,419.06,52.3254,53.248999999999995,55.3211,4.049900000000001,0.0,False,40,25,0.01384675968438387,0.0025840476155281067,0.1548078740015626,0.1712547866627574
1065,193,12158,34.0015164045617,0.20522257766572838,59.89,50.6679,52.1237,55.3211,4.049900000000001,0.0,False,41,25,0.01298131886869669,0.0025876061990857124,0.17138242907822132,0.18696731515228748
1065,194,12208,34.1554950196296,0.9863189046547955,1282.64,51.732400000000005,52.092299999999994,55.3211,4.049900000000001,0.0,False,42,25,0.015713940374553204,0.0027077561244368553,0.13552386686205864,0.15396130830049515
1065,195,12265,34.32624572329223,0.47831261808701686,227.07,51.750899999999994,53.1961,55.3211,4.049900000000001,0.0,False,43,25,0.013384759426116943,0.002584462985396385,0.1547582233324647,0.17074301186949015
1065,196,12323,34.500019170343876,0.6206661666204779,337.84,51.96900000000001,52.8402,55.3211,4.049900000000001,0.0,False,44,25,0.013670846819877625,0.002586042508482933,0.15749282948672771,0.17376569658517838
1065,197,12373,34.653422800824046,0.9402715759205846,1028.1,52.140299999999996,52.510400000000004,55.3211,4.049900000000001,0.0,False,45,25,0.0151994489133358,0.0027110129594802856,0.13546923827379942,0.1533956853672862
1065,198,12433,34.832853893749416,0.6693876191381668,399.91,51.2836,52.8028,55.3211,4.049900000000001,0.0,False,46,25,0.013797340914607048,0.002587917260825634,0.16302199196070433,0.1794233676046133
1065,199,12491,35.00559988617897,0.03190186831950004,2.85,46.959,47.9306,55.3211,4.049900000000001,0.0,False,47,25,0.012806808575987816,0.0025850553065538406,0.1573302922770381,0.17273799888789654
1065,200,12546,35.173011978156865,0.9558706041870394,1083.32,51.7982,52.1581,55.3211,4.049900000000001,0.0,False,48,25,0.015300402417778969,0.0027094148099422455,0.14937762822955847,0.1674043843522668
1065,201,12598,35.33116475865245,0.8164539051142863,620.59,51.7038,52.319500000000005,55.3211,4.049900000000001,0.0,False,49,25,0.014434360899031162,0.002595282159745693,0.14105279371142387,0.15810182131826878
1065,202,12672,35.54887769930065,0.4578507706560003,178.52,52.844,53.61330000000001,55.3211,4.049900000000001,0.0,False,50,25,0.013318855315446854,0.0025893310084939003,0.20177623722702265,0.2177018728107214
1065,203,12739,35.74762238841504,0.6470858512937462,328.26,52.4302,53.578700000000005,55.3211,4.049900000000001,0.0,False,51,25,0.013642695732414722,0.002577615901827812,0.18249821476638317,0.19873496517539024
1065,204,12786,35.89120651129633,0.734499396438859,440.73,52.6114,53.5145,55.3211,4.049900000000001,0.0,False,52,25,0.013896460644900799,0.002581925131380558,0.12708132900297642,0.14357570745050907
1065,205,12843,36.061567104421556,0.11569292925884533,21.33,50.17790000000001,51.59580000000001,55.3211,4.049900000000001,0.0,False,53,25,0.01284726895391941,0.002591249532997608,0.15489803440868855,0.17035272531211376
1065,206,12892,36.21043184585869,0.5945710569280007,287.69,53.154799999999994,54.2126,55.3211,4.049900000000001,0.0,False,54,25,0.01355790439993143,0.0025798585265874863,0.13270292524248362,0.14885678328573704
1065,207,12931,36.330846613273025,0.009347947697468606,1.5,44.9524,45.673,55.3211,4.049900000000001,0.0,False,55,25,0.012779014185070992,0.002714247442781925,0.10489775612950325,0.12040688749402761
1065,208,12990,36.50784492865205,0.7362874084061687,457.07,52.5958,54.2773,55.3211,4.049900000000001,0.0,False,56,25,0.01392914354801178,0.0027072522789239883,0.16033809818327427,0.1769903926178813
1065,209,13063,36.72269463259727,0.4062320030470046,150.71,52.7658,54.5316,55.3211,4.049900000000001,0.0,False,57,25,0.01323730032891035,0.0025889528915286064,0.19899981562048197,0.2148419925943017
1065,210,13119,36.89197443053126,0.8482682675159219,738.3,52.371500000000005,53.03499999999999,55.3211,4.049900000000001,0.0,False,58,25,0.014582768082618713,0.002580328844487667,0.15209334902465343,0.16927215922623873
1065,211,13172,37.051071538589895,0.15678346035314217,35.69,50.1755,51.8042,55.3211,4.049900000000001,0.0,False,59,25,0.012902314774692059,0.002588723786175251,0.14354379661381245,0.15905073005706072
1065,212,13354,37.56699516624212,0.27828045812000946,80.62,53.525999999999996,54.835,55.3211,4.049900000000001,0.0,False,60,25,0.013107518665492535,0.0025802049785852432,0.5002112248912454,0.5159157402813435
1065,213,13410,37.735254374332726,0.6013365580330848,304.96,52.745599999999996,53.885200000000005,55.3211,4.049900000000001,0.0,False,61,25,0.013624095357954502,0.0025904644280672073,0.15200323145836592,0.16823554039001465
1065,214,13508,38.01892546284944,0.25774463871926245,92.21,52.378,53.1405,55.3211,4.049900000000001,0.0,False,62,25,0.013121330179274082,0.002585269510746002,0.26793779991567135,0.2836611857637763
1065,215,13614,38.324448264203966,0.11807319885314915,21.54,50.74510000000001,52.062400000000004,55.3211,4.049900000000001,0.0,False,63,25,0.012860585004091263,0.0025864718481898308,0.2900490537285805,0.30551325250416994
1065,216,13655,38.45270464383066,0.9218506504919003,945.76,51.9191,52.25219999999999,55.3211,4.049900000000001,0.0,False,64,25,0.01497616060078144,0.0027159489691257477,0.11053706798702478,0.12824635487049818
1065,217,13707,38.609918201342225,0.5797602604398812,286.66,52.93899999999999,53.8104,55.3211,4.049900000000001,0.0,False,65,25,0.01356635894626379,0.0027044154703617096,0.14091818686574697,0.15720478724688292
1065,218,13753,38.74965274799615,0.01102974559570613,1.56,44.9524,45.8921,55.3211,4.049900000000001,0.0,False,66,25,0.012788267806172371,0.0027011120691895485,0.12422116752713919,0.13972647953778505
1065,219,13814,38.93168316595256,0.6186793404948452,318.96,52.89880000000001,53.807399999999994,55.3211,4.049900000000001,0.0,False,67,25,0.01362860482186079,0.0025900686159729958,0.1657879101112485,0.1820226712152362
1065,220,13876,39.11789637245238,0.8981118049041059,902.66,52.3082,53.004999999999995,55.3211,4.049900000000001,0.0,False,68,25,0.014897056855261326,0.0027016280218958855,0.16859052330255508,0.18620534893125296
1065,221,13962,39.36850771307945,0.27788626229961944,98.57,51.381800000000005,52.7307,55.3211,4.049900000000001,0.0,False,69,25,0.013131535612046719,0.0025795288383960724,0.23483994789421558,0.25056724436581135
1065,222,14034,39.583171968348324,0.9912552626545215,1334.68,52.196600000000004,52.42309999999999,55.3211,4.049900000000001,0.0,False,70,25,0.01579812541604042,0.002583329565823078,0.19625874515622854,0.21465646103024483
1065,223,14083,39.732147105038166,0.6171528067124029,323.95,52.3436,53.0788,55.3211,4.049900000000001,0.0,False,71,25,0.01364610344171524,0.0025866562500596046,0.13270686194300652,0.14895547181367874
1065,224,14134,39.88783642742783,0.9049820449233991,909.32,52.2251,52.7175,55.3211,4.049900000000001,0.0,False,72,25,0.014903162606060505,0.0025708526372909546,0.1381907733157277,0.15568133536726236
1065,225,14206,40.099977663718164,0.4134691973996323,149.97,51.9789,53.1369,55.3211,4.049900000000001,0.0,False,73,25,0.01325742807239294,0.002587384544312954,0.19627077039331198,0.2121327556669712
1065,226,14258,40.2572909174487,0.652489667424209,329.64,52.26089999999999,53.04299999999999,55.3211,4.049900000000001,0.0,False,74,25,0.013675362803041935,0.0025888700038194656,0.14102213084697723,0.1573038436472416
1065,227,14338,40.49214319139719,0.13571696824957624,24.65,50.256699999999995,51.2027,55.3211,4.049900000000001,0.0,False,75,25,0.012902704067528248,0.002582707442343235,0.2193404631689191,0.23484256025403738
1065,228,14377,40.6125003779307,0.010017660623757307,1.56,44.9524,45.5645,55.3211,4.049900000000001,0.0,False,76,25,0.012800939381122589,0.002587786875665188,0.10494421422481537,0.12034901883453131
1065,229,14448,40.823055708780885,0.8257365109287601,652.08,53.44109999999999,53.891099999999994,55.3211,4.049900000000001,0.0,False,77,25,0.014480278827250004,0.0025819987058639526,0.19346934277564287,0.21054743602871895
1065,230,14512,41.013944131322205,0.7833265778928691,515.97,52.96329999999999,53.637699999999995,55.3211,4.049900000000001,0.0,False,78,25,0.0141352079808712,0.002585645765066147,0.17414349038153887,0.19088044576346874
1065,231,14623,41.333580824546516,0.22373861432270814,62.22,50.683400000000006,52.4455,55.3211,4.049900000000001,0.0,False,79,25,0.013012120500206947,0.00258493609726429,0.3039798829704523,0.31959293875843287
1065,232,14682,41.51055767014623,0.7293514726966578,440.52,52.859399999999994,53.884,55.3211,4.049900000000001,0.0,False,80,25,0.013947573490440845,0.002712685614824295,0.16029278561472893,0.1769690178334713
