seed,iter,eval_count,elapsed_s,current_sum_iqc,best_sum_iqc,delta_vs_baseline,delta_vs_best_prev,accepted,improved,perturbation_strength,no_improve_streak,local_search_accepted_moves,applied_perturbation_moves,t_initial_eval_s,t_initial_local_search_s,t_perturb_s,t_candidate_eval_s,t_local_search_s,t_acceptance_s,t_bookkeeping_s,t_logging_s,t_iter_total_s
9998,0,53,0.0,40.44839999999999,40.44839999999999,1.7691999999999979,0.0,True,False,10,0,25,0,0.004475385881960392,0.09301534108817577,0.0,0.0,0.0,0.0,0.0,0.0,0.0
9998,1,133,0.313139014178887,40.574799999999996,40.574799999999996,1.8956000000000017,0.12640000000000384,True,True,10,0,25,20,0.0,0.0,0.0013527648989111185,0.0011526541784405708,0.21163404895924032,9.400071576237679e-06,4.748394712805748e-05,7.964996621012688e-05,0.21430363203398883
9998,2,226,0.49466527602635324,40.651399999999995,40.651399999999995,1.9722000000000008,0.07659999999999911,True,True,10,0,25,20,0.0,0.0,0.0013836401049047709,0.0011065748985856771,0.17887120693922043,1.003616489470005e-05,1.4146091416478157e-05,7.902388460934162e-05,0.18148939101956785
9998,3,310,0.5980711411684752,40.651399999999995,40.651399999999995,1.9722000000000008,0.0,False,False,10,1,25,20,0.0,0.0,0.0013197129592299461,0.001144931884482503,0.10081962193362415,4.068948328495026e-06,1.0885996744036674e-05,0.0,0.10331988893449306
9998,4,407,0.7854511430487037,40.687900000000006,40.687900000000006,2.0087000000000117,0.03650000000001086,True,True,10,0,25,20,0.0,0.0,0.0013124998658895493,0.0010953918099403381,0.18493110593408346,8.260132744908333e-06,1.0644085705280304e-05,5.181785672903061e-05,0.18742963206022978
9998,5,477,0.908091314136982,40.7387,40.7387,2.059500000000007,0.05079999999999529,True,True,10,0,25,20,0.0,0.0,0.005344292847439647,0.0011766899842768908,0.11602615402080119,7.566995918750763e-06,1.8982915207743645e-05,6.728013977408409e-05,0.1226623309776187
9998,6,567,1.0265466151759028,40.8112,40.8112,2.132000000000005,0.07249999999999801,True,True,10,0,25,20,0.0,0.0,0.0012603809591382742,0.0010419590398669243,0.11200250894762576,0.004040607018396258,1.0505085811018944e-05,6.162305362522602e-05,0.11843858798965812
9998,7,661,1.237015375168994,40.9697,40.9697,2.2905000000000086,0.15850000000000364,True,True,10,0,25,20,0.0,0.0,0.0013145930133759975,0.0011238609440624714,0.20792907709255815,8.850125595927238e-06,3.0001159757375717e-05,7.408601231873035e-05,0.21049933694303036
9998,8,735,1.3290602480992675,40.9697,40.9697,2.2905000000000086,0.0,False,False,10,1,25,20,0.0,0.0,0.0013416458386927843,0.0010827449150383472,0.08948937198147178,4.410045221447945e-06,1.0490184649825096e-05,0.0,0.09194966102950275
9998,9,853,1.4927598549984396,40.9697,40.9697,2.2905000000000086,0.0,False,False,10,2,25,20,0.0,0.0,0.0017444780096411705,0.0012417149264365435,0.16063525690697134,1.9585946574807167e-05,5.053798668086529e-05,0.0,0.16374297300353646
9998,10,948,1.6220629150047898,40.9697,40.9697,2.2905000000000086,0.0,False,False,10,3,25,20,0.0,0.0,0.0017664439510554075,0.0012607020325958729,0.1261930640321225,2.5869812816381454e-06,8.065951988101006e-06,0.00020310794934630394,0.12945667910389602
9998,11,1041,1.7489161221310496,41.0078,41.0078,2.3286000000000087,0.03810000000000002,True,True,10,0,25,20,0.0,0.0,0.0017279479652643204,0.001249929890036583,0.12363190809264779,1.3652956113219261e-05,8.336035534739494e-06,4.969094879925251e-05,0.12669847696088254
9998,12,1139,1.8822078830562532,41.0078,41.0078,2.3286000000000087,0.0,False,False,10,1,25,20,0.0,0.0,0.0017540419939905405,0.0012401491403579712,0.1302122378256172,3.0838418751955032e-06,8.526956662535667e-06,0.0,0.13324081618338823
9998,13,1248,2.017093828180805,41.0803,41.0803,2.4011000000000067,0.07249999999999801,True,True,10,0,25,20,0.0,0.0,0.0017565949819982052,0.0012391519267112017,0.1318574990145862,7.118098437786102e-06,9.319977834820747e-06,4.339381121098995e-05,0.1349289759527892
9998,14,1335,2.1258418729994446,41.095,41.095,2.4158000000000044,0.014699999999997715,True,True,10,0,25,20,0.0,0.0,0.0012954890262335539,0.001020063878968358,0.10635256092064083,7.631024345755577e-06,9.17096622288227e-06,4.199286922812462e-05,0.10874471697025001
9998,15,1410,2.219732732977718,41.095,41.095,2.4158000000000044,0.0,False,False,10,1,25,20,0.0,0.0,0.0013066499959677458,0.001028998987749219,0.09148236294277012,2.952059730887413e-06,9.057112038135529e-06,0.0,0.09384741703979671
9998,16,1478,2.305045405169949,41.095,41.095,2.4158000000000044,0.0,False,False,10,2,25,20,0.0,0.0,0.001296316972002387,0.0010747530031949282,0.08289300906471908,3.0938535928726196e-06,2.7755042538046837e-05,0.0,0.085329967783764
9998,17,1584,2.4373358311131597,41.19199999999999,41.19199999999999,2.5127999999999986,0.0969999999999942,True,True,10,0,25,20,0.0,0.0,0.001300509786233306,0.001059593865647912,0.1298760399222374,7.238937541842461e-06,8.853152394294739e-06,5.1165930926799774e-05,0.1323211770504713
9998,18,1689,2.568368076113984,41.2312,41.2312,2.5520000000000067,0.03920000000000812,True,True,10,0,25,20,0.0,0.0,0.0013589898589998484,0.0010408679954707623,0.12854567682370543,7.134862244129181e-06,9.345123544335365e-06,5.389796569943428e-05,0.1310338950715959
9998,19,1836,2.751491094008088,41.2312,41.2312,2.5520000000000067,0.0,False,False,10,1,25,20,0.0,0.0,0.001320650102570653,0.001065520104020834,0.18064960092306137,3.5760458558797836e-06,1.0516028851270676e-05,0.0,0.18306892295368016
9998,20,1954,2.899773492012173,41.3087,41.3087,2.6295000000000073,0.07750000000000057,True,True,10,0,25,20,0.0,0.0,0.0013416139408946037,0.0010396209545433521,0.14586158702149987,7.61798582971096e-06,1.1177035048604012e-05,6.771693006157875e-05,0.14834896195679903
9998,21,2083,3.055996085051447,41.319900000000004,41.319900000000004,2.6407000000000096,0.01120000000000232,True,True,10,0,25,20,0.0,0.0,0.0013900750782340765,0.0011053569614887238,0.15360995405353606,7.934868335723877e-06,1.1008931323885918e-05,4.860502667725086e-05,0.15620151907205582
9998,22,2205,3.20809963112697,41.319900000000004,41.319900000000004,2.6407000000000096,0.0,False,False,10,1,25,20,0.0,0.0,0.0013077959883958101,0.001047826837748289,0.14966381806880236,3.817956894636154e-06,1.0794959962368011e-05,0.0,0.1520527140237391
9998,23,2318,3.349214100977406,41.3596,41.3596,2.680400000000006,0.039699999999996294,True,True,10,0,25,20,0.0,0.0,0.0013302790466696024,0.0010440440382808447,0.13870013901032507,8.553965017199516e-06,1.079007051885128e-05,4.87607903778553e-05,0.14116183598525822
9998,24,2505,3.583944257115945,41.3596,41.3596,2.680400000000006,0.0,False,False,10,1,25,20,0.0,0.0,0.0013548401184380054,0.0010539861395955086,0.23223715391941369,3.678957000374794e-06,1.0730931535363197e-05,0.0,0.234679443994537
9998,25,2622,3.7300340281799436,41.3596,41.3596,2.680400000000006,0.0,False,False,10,2,25,20,0.0,0.0,0.0012797978706657887,0.0011073690839111805,0.14366706809960306,3.757886588573456e-06,1.0140007361769676e-05,0.0,0.1460870709270239
9998,26,2738,3.8747857760172337,41.3596,41.3596,2.680400000000006,0.0,False,False,10,3,25,20,0.0,0.0,0.0013219660613685846,0.0010802780743688345,0.14231450809165835,3.865920007228851e-06,1.0655028745532036e-05,0.0,0.1447502519004047
9998,27,2899,4.075311774155125,41.3596,41.3596,2.680400000000006,0.0,False,False,10,4,25,20,0.0,0.0,0.0012865900062024593,0.001087389886379242,0.19811549596488476,4.166970029473305e-06,1.0277843102812767e-05,0.0,0.20052509102970362
9998,28,3077,4.29714546399191,41.3951,41.3951,2.715900000000005,0.03549999999999898,True,True,10,0,25,20,0.0,0.0,0.0013016941957175732,0.001070873811841011,0.21942142816260457,7.665948942303658e-06,1.010415144264698e-05,5.2974093705415726e-05,0.22188370302319527
9998,29,3261,4.526292646070942,41.3951,41.3951,2.715900000000005,0.0,False,False,10,1,25,20,0.0,0.0,0.0013089431449770927,0.0010485679376870394,0.22670206287875772,3.572087734937668e-06,9.661074727773666e-06,0.0,0.2290917991194874
9998,30,3437,4.74565233499743,41.3951,41.3951,2.715900000000005,0.0,False,False,10,2,25,20,0.0,0.0,0.0013167229481041431,0.0010850909166038036,0.21692335791885853,3.563007339835167e-06,9.706011041998863e-06,0.0001512761227786541,0.21951008890755475
9998,31,3530,4.862069432158023,41.3951,41.3951,2.715900000000005,0.0,False,False,10,3,25,20,0.0,0.0,0.0013280289713293314,0.0010465099476277828,0.11385500803589821,3.5141129046678543e-06,9.803101420402527e-06,0.0,0.11626318679191172
9998,32,3622,4.974349755095318,41.3951,41.3951,2.715900000000005,0.0,False,False,10,4,25,20,0.0,0.0,0.0013089990243315697,0.0011012519244104624,0.10983633389696479,3.451947122812271e-06,1.1193100363016129e-05,0.0,0.11228041886352003
9998,33,3767,5.147477338090539,41.3951,41.3951,2.715900000000005,0.0,False,False,10,5,25,20,0.0,0.0,0.0013338958378881216,0.0010938809718936682,0.1706643111538142,3.767898306250572e-06,1.016794703900814e-05,0.0,0.17312443698756397
9998,34,3871,5.277728758985177,41.416399999999996,41.416399999999996,2.7372000000000014,0.021299999999996544,True,True,10,0,25,20,0.0,0.0,0.001313237939029932,0.001141894143074751,0.12775758188217878,7.978873327374458e-06,1.065712422132492e-05,4.9961032345891e-05,0.13030095817521214
9998,35,3968,5.398943293141201,41.4477,41.4477,2.768500000000003,0.03130000000000166,True,True,10,0,25,20,0.0,0.0,0.0013132719323039055,0.0010437481105327606,0.11876661400310695,7.977942004799843e-06,1.0412884876132011e-05,7.469509728252888e-05,0.12123657111078501
9998,36,4114,5.580802457174286,41.4822,41.4822,2.8030000000000044,0.03450000000000131,True,True,10,0,25,20,0.0,0.0,0.0012990699615329504,0.0010460340417921543,0.17939981399104,8.014030754566193e-06,1.0180054232478142e-05,7.392885163426399e-05,0.18185646180063486
9998,37,4220,5.7131949150934815,41.4822,41.4822,2.8030000000000044,0.0,False,False,10,1,25,20,0.0,0.0,0.0013007428497076035,0.0010645969305187464,0.1299185361713171,3.434019163250923e-06,9.567011147737503e-06,0.0,0.13231608807109296
9998,38,4349,5.873937382129952,41.4822,41.4822,2.8030000000000044,0.0,False,False,10,2,25,20,0.0,0.0,0.0013091079890727997,0.0010942101944237947,0.15830488689243793,4.249857738614082e-06,9.772833436727524e-06,0.0,0.16074108285829425
9998,39,4458,6.010071697179228,41.4822,41.4822,2.8030000000000044,0.0,False,False,10,3,25,20,0.0,0.0,0.0013050350826233625,0.0010901731438934803,0.133705124957487,3.4319236874580383e-06,1.0225921869277954e-05,0.0,0.13613332179374993
9998,40,4611,6.200636368012056,41.49100000000001,41.49100000000001,2.8118000000000123,0.008800000000007913,True,True,10,0,25,20,0.0,0.0,0.0012955409474670887,0.0010957391932606697,0.18813417199999094,8.319970220327377e-06,3.924011252820492e-05,7.531815208494663e-05,0.19066786719486117
9998,41,4780,6.411178831011057,41.49100000000001,41.49100000000001,2.8118000000000123,0.0,False,False,10,1,25,20,0.0,0.0,0.0013050190173089504,0.001068945974111557,0.208028496010229,3.7390273064374924e-06,1.0382849723100662e-05,0.0,0.21043558814562857
9998,42,4947,6.618946539005265,41.49100000000001,41.49100000000001,2.8118000000000123,0.0,False,False,10,2,25,20,0.0,0.0,0.001297414069995284,0.0010990721639245749,0.20533729414455593,3.4919939935207367e-06,9.554903954267502e-06,0.0,0.20776552986353636
9998,43,5110,6.821669572032988,41.49100000000001,41.49100000000001,2.8118000000000123,0.0,False,False,10,3,25,20,0.0,0.0,0.0012939309235662222,0.0010788170620799065,0.20031751901842654,3.288034349679947e-06,9.721843525767326e-06,0.0,0.20272170496173203
9998,44,5292,7.0483274951111525,41.49100000000001,41.49100000000001,2.8118000000000123,0.0,False,False,10,4,25,20,0.0,0.0,0.0013082558289170265,0.001123121939599514,0.22419208497740328,3.738095983862877e-06,9.929994121193886e-06,0.0,0.2266563808079809
9998,45,5463,7.2611696410458535,41.49100000000001,41.49100000000001,2.8118000000000123,0.0,False,False,10,5,25,20,0.0,0.0,0.001296033849939704,0.0011079409159719944,0.21040420792996883,3.420049324631691e-06,9.914860129356384e-06,0.0,0.21284071379341185
9998,46,5652,7.4969948881771415,41.49100000000001,41.49100000000001,2.8118000000000123,0.0,False,False,10,6,25,20,0.0,0.0,0.0013039920013397932,0.0010791381355375051,0.23340711486525834,3.8899015635252e-06,1.0197050869464874e-05,0.0,0.23582387808710337
9998,47,5808,7.689321635989472,41.49100000000001,41.49100000000001,2.8118000000000123,0.0,False,False,10,7,25,20,0.0,0.0,0.0013614699710160494,0.001107390969991684,0.18982378183864057,3.556022420525551e-06,1.0012881830334663e-05,0.0,0.1923247219529003
9998,48,5974,7.895432154182345,41.49100000000001,41.49100000000001,2.8118000000000123,0.0,False,False,10,8,25,20,0.0,0.0,0.0013266690075397491,0.0010809029918164015,0.2036680479068309,3.6619603633880615e-06,1.0299962013959885e-05,0.0,0.20610892004333436
9998,49,6094,8.044469726039097,41.49100000000001,41.49100000000001,2.8118000000000123,0.0,False,False,10,9,25,20,0.0,0.0,0.0012986059300601482,0.001087880926206708,0.14661642583087087,3.968831151723862e-06,1.0221032425761223e-05,0.0,0.1490357299335301
9998,50,6197,8.172884301980957,41.4966,41.4966,2.8174000000000063,0.005599999999994054,True,True,10,0,25,20,0.0,0.0,0.0012878740672022104,0.0011113351210951805,0.12597658205777407,8.159084245562553e-06,9.950948879122734e-06,5.228491500020027e-05,0.12846498400904238
9998,51,6387,8.408863149117678,41.4966,41.4966,2.8174000000000063,0.0,False,False,10,1,25,20,0.0,0.0,0.0012985831126570702,0.0010516829788684845,0.23354195500724018,3.7960708141326904e-06,9.840121492743492e-06,0.0,0.2359249598812312
9998,52,6561,8.625065500149503,41.5479,41.5479,2.868700000000004,0.05129999999999768,True,True,10,0,25,20,0.0,0.0,0.0012813271023333073,0.0011184869799762964,0.21376534295268357,7.836148142814636e-06,1.0628951713442802e-05,5.274498835206032e-05,0.21625428809784353
9998,53,6667,8.757330289110541,41.5479,41.5479,2.868700000000004,0.0,False,False,10,1,25,20,0.0,0.0,0.0013148908037692308,0.0010563682299107313,0.1298075239174068,3.061024472117424e-06,9.325100108981133e-06,0.0,0.1322087491862476
9998,54,6892,9.036925151012838,41.5479,41.5479,2.868700000000004,0.0,False,False,10,2,25,20,0.0,0.0,0.0013428800739347935,0.0011340389028191566,0.2770858108997345,3.4910626709461212e-06,1.0343967005610466e-05,0.0,0.2795945508405566
9998,55,7042,9.223562777042389,41.5479,41.5479,2.868700000000004,0.0,False,False,10,3,25,20,0.0,0.0,0.0013026029337197542,0.0010987441055476665,0.1842017169110477,3.900844603776932e-06,9.800074622035027e-06,0.0,0.18663536594249308
9998,56,7174,9.387801822973415,41.5479,41.5479,2.868700000000004,0.0,False,False,10,4,25,20,0.0,0.0,0.0013117189519107342,0.0010358719155192375,0.1618577188346535,3.718072548508644e-06,9.383074939250946e-06,0.0,0.16423701005987823
9998,57,7304,9.549992660060525,41.5693,41.5693,2.890100000000004,0.021399999999999864,True,True,10,0,25,20,0.0,0.0,0.0013071319554001093,0.0011493249330669641,0.1596960909664631,8.50902870297432e-06,1.0145129635930061e-05,4.3342821300029755e-05,0.1622331270482391
9998,58,7430,9.707075447076932,41.5693,41.5693,2.890100000000004,0.0,False,False,10,1,25,20,0.0,0.0,0.0013153620529919863,0.0010537710040807724,0.15463468711823225,3.902008756995201e-06,1.0811956599354744e-05,0.0,0.1570390530396253
9998,59,7550,9.85669875703752,41.5693,41.5693,2.890100000000004,0.0,False,False,10,2,25,20,0.0,0.0,0.0012887688353657722,0.001075326930731535,0.1472221021540463,4.036817699670792e-06,1.043686643242836e-05,0.0,0.14962062216363847
9998,60,7733,10.08408371009864,41.5693,41.5693,2.890100000000004,0.0,False,False,10,3,25,20,0.0,0.0,0.001280014868825674,0.0011720750480890274,0.22489821794442832,3.677094355225563e-06,1.0383082553744316e-05,5.0214119255542755e-05,0.22743375389836729
9998,61,7818,10.190293587977067,41.5693,41.5693,2.890100000000004,0.0,False,False,10,4,25,20,0.0,0.0,0.0013048080727458,0.0010645899455994368,0.10375333786942065,3.7509016692638397e-06,1.0533025488257408e-05,0.0,0.10615724511444569
9998,62,7973,10.38313910108991,41.5693,41.5693,2.890100000000004,0.0,False,False,10,5,25,20,0.0,0.0,0.0013154610060155392,0.0010911929421126842,0.1904050570446998,3.6139972507953644e-06,9.9940225481987e-06,0.0,0.19284351007081568
9998,63,8132,10.577631089137867,41.5693,41.5693,2.890100000000004,0.0,False,False,10,6,25,20,0.0,0.0,0.0013161089736968279,0.001159626990556717,0.1919838530011475,3.210967406630516e-06,8.741160854697227e-06,0.0,0.19448888208717108
9998,64,8283,10.762618995970115,41.5693,41.5693,2.890100000000004,0.0,False,False,10,7,25,20,0.0,0.0,0.0013202030677348375,0.001100401859730482,0.18253686581738293,3.232154995203018e-06,2.9030023142695427e-05,0.0,0.18500705901533365
9998,65,8421,10.932028498034924,41.5693,41.5693,2.890100000000004,0.0,False,False,10,8,25,20,0.0,0.0,0.0013048651162534952,0.0011327150277793407,0.16690305504016578,2.88989394903183e-06,9.038951247930527e-06,0.0,0.1693880979437381
9998,66,8593,11.143575130030513,41.5693,41.5693,2.890100000000004,0.0,False,False,10,9,25,20,0.0,0.0,0.0013132370077073574,0.001135410973802209,0.20906694000586867,3.2689422369003296e-06,9.275972843170166e-06,0.0,0.2115454999729991
9998,67,8681,11.25353710912168,41.5693,41.5693,2.890100000000004,0.0,False,False,10,10,25,20,0.0,0.0,0.0013107440900057554,0.001080723013728857,0.10753667098470032,5.5730342864990234e-06,9.641982614994049e-06,0.0,0.10996128618717194
9998,68,8791,11.384579576086253,41.5693,41.5693,2.890100000000004,0.0,False,False,11,11,25,22,0.0,0.0,0.0014539349358528852,0.0010579549707472324,0.1284978229086846,2.908986061811447e-06,8.5439532995224e-06,0.0,0.13103948207572103
9998,69,8942,11.564999220194295,41.5693,41.5693,2.890100000000004,0.0,False,False,11,12,25,22,0.0,0.0,0.0014513239730149508,0.0011530881747603416,0.17778467084281147,2.969987690448761e-06,8.642906323075294e-06,0.0,0.180418023141101
9998,70,9036,11.679751629009843,41.5693,41.5693,2.890100000000004,0.0,False,False,11,13,25,22,0.0,0.0,0.0014668728690594435,0.001156260957941413,0.11209915298968554,2.9650982469320297e-06,8.974922820925713e-06,4.523200914263725e-05,0.11479692906141281
9998,71,9172,11.847055798163638,41.5693,41.5693,2.890100000000004,0.0,False,False,11,14,25,22,0.0,0.0,0.0014661690220236778,0.001138380030170083,0.16462181601673365,3.338092938065529e-06,9.473878890275955e-06,0.0,0.16725780512206256
9998,72,9295,11.999220318160951,41.5693,41.5693,2.890100000000004,0.0,False,False,11,15,25,22,0.0,0.0,0.0014856478665024042,0.001141608925536275,0.1495048338547349,3.3387914299964905e-06,1.045013777911663e-05,0.0,0.15216436190530658
9998,73,9402,12.131222281139344,41.5693,41.5693,2.890100000000004,0.0,False,False,11,16,25,22,0.0,0.0,0.0014864110853523016,0.001152948010712862,0.1293291230686009,3.3639371395111084e-06,8.34604725241661e-06,0.0,0.13199820602312684
9998,74,9581,12.352110798005015,41.5693,41.5693,2.890100000000004,0.0,False,False,11,17,25,22,0.0,0.0,0.0014628199860453606,0.0011584160383790731,0.21823461493477225,3.866152837872505e-06,9.933020919561386e-06,0.0,0.22088884701952338
9998,75,9655,12.44369246903807,41.5693,41.5693,2.890100000000004,0.0,False,False,11,18,25,22,0.0,0.0,0.0014264089986681938,0.0010741211008280516,0.08904797793366015,3.169989213347435e-06,9.138835594058037e-06,0.0,0.09157850802876055
9998,76,9776,12.593902142019942,41.5693,41.5693,2.890100000000004,0.0,False,False,11,19,25,22,0.0,0.0,0.0014595880638808012,0.0011507009621709585,0.14756664098240435,3.958120942115784e-06,1.1337921023368835e-05,0.0,0.15021086996421218
9998,77,9902,12.750931577058509,41.5693,41.5693,2.890100000000004,0.0,False,False,11,20,25,22,0.0,0.0,0.0015076010022312403,0.001163605833426118,0.15432035783305764,5.793990567326546e-06,9.988900274038315e-06,0.0,0.15702688903547823
9998,78,10012,12.88815153716132,41.5693,41.5693,2.890100000000004,0.0,False,False,12,21,25,24,0.0,0.0,0.0015789067838340998,0.0010755721013993025,0.1345299209933728,3.962777554988861e-06,1.0064104571938515e-05,0.0,0.13721842016093433
9998,79,10105,13.002651422051713,41.5693,41.5693,2.890100000000004,0.0,False,False,12,22,25,24,0.0,0.0,0.0015437661204487085,0.0010889421682804823,0.11183289811015129,3.659166395664215e-06,9.991927072405815e-06,0.0,0.11449792003259063
9998,80,10277,13.212590117007494,41.5693,41.5693,2.890100000000004,0.0,False,False,12,23,25,24,0.0,0.0,0.0016192221082746983,0.001150358933955431,0.20713539700955153,3.9800070226192474e-06,8.44593159854412e-06,4.7868117690086365e-05,0.20998395094648004
9998,81,10382,13.341991821071133,41.5693,41.5693,2.890100000000004,0.0,False,False,12,24,25,24,0.0,0.0,0.0016026918310672045,0.0011554551310837269,0.1265628319233656,3.6659184843301773e-06,1.0566087439656258e-05,0.0,0.12935435608960688
9998,82,10562,13.561832493171096,41.5693,41.5693,2.890100000000004,0.0,False,False,12,25,25,24,0.0,0.0,0.00155611801892519,0.001151098869740963,0.21709819417446852,3.5639386624097824e-06,9.219860658049583e-06,0.0,0.21983741712756455
9998,83,10757,13.801825779024512,41.6122,41.6122,2.933000000000007,0.04290000000000305,True,True,12,0,25,24,0.0,0.0,0.0016039889305830002,0.0011403891257941723,0.23721150495111942,8.013099431991577e-06,1.0133953765034676e-05,8.136406540870667e-05,0.24007445108145475
9998,84,10896,13.974555575987324,41.6122,41.6122,2.933000000000007,0.0,False,False,10,1,25,20,0.0,0.0,0.0013649279717355967,0.0011178359854966402,0.17013188591226935,3.497116267681122e-06,9.536044672131538e-06,0.0,0.17264591390267015
9998,85,11030,14.137699170038104,41.6122,41.6122,2.933000000000007,0.0,False,False,10,2,25,20,0.0,0.0,0.001232184935361147,0.001066130818799138,0.16081252810545266,3.7441495805978775e-06,1.013185828924179e-05,0.0,0.16314266598783433
9998,86,11178,14.318421829026192,41.6122,41.6122,2.933000000000007,0.0,False,False,10,3,25,20,0.0,0.0,0.0014055240899324417,0.0010747150518000126,0.17820854112505913,3.7688296288251877e-06,1.0149087756872177e-05,0.0,0.18072150694206357
9998,87,11346,14.524057486094534,41.6122,41.6122,2.933000000000007,0.0,False,False,10,4,25,20,0.0,0.0,0.0013034020084887743,0.0010993829928338528,0.2031974559649825,3.7348363548517227e-06,1.0712072253227234e-05,0.0,0.2056342561263591
9998,88,11488,14.695707748178393,41.6122,41.6122,2.933000000000007,0.0,False,False,10,5,25,20,0.0,0.0,0.0013406991492956877,0.0010759418364614248,0.1691990289837122,3.237975761294365e-06,1.071183942258358e-05,0.0,0.17164873611181974
9998,89,11599,14.827377544017509,41.6122,41.6122,2.933000000000007,0.0,False,False,10,6,25,20,0.0,0.0,0.0013706828467547894,0.0010654728394001722,0.12920096702873707,3.3800024539232254e-06,8.997973054647446e-06,0.0,0.13166589196771383
9998,90,11722,14.97393262409605,41.6122,41.6122,2.933000000000007,0.0,False,False,10,7,25,20,0.0,0.0,0.0013071889989078045,0.001099639106541872,0.14411707082763314,3.3159740269184113e-06,8.34302045404911e-06,5.295197479426861e-05,0.14660628512501717
9998,91,11873,15.159024446969852,41.6122,41.6122,2.933000000000007,0.0,False,False,10,8,25,20,0.0,0.0,0.0014475530479103327,0.0011526839807629585,0.1824047169648111,3.7190038710832596e-06,1.0048039257526398e-05,0.0,0.18503917194902897
9998,92,12035,15.356780290137976,41.6122,41.6122,2.933000000000007,0.0,False,False,10,9,25,20,0.0,0.0,0.0012905590701848269,0.0010957620106637478,0.19533386803232133,3.899913281202316e-06,1.0777963325381279e-05,0.0,0.19775475398637354
9998,93,12178,15.532446470111609,41.6122,41.6122,2.933000000000007,0.0,False,False,10,10,25,20,0.0,0.0,0.0013313330709934235,0.0010572320315986872,0.1732394329737872,5.425885319709778e-06,1.0452000424265862e-05,0.0,0.17566398810595274
9998,94,12287,15.66647778218612,41.6122,41.6122,2.933000000000007,0.0,False,False,11,11,25,22,0.0,0.0,0.0014688537921756506,0.0010978749487549067,0.1314286079723388,3.653811290860176e-06,1.0123010724782944e-05,0.0,0.1340293639805168
9998,95,12432,15.845046576112509,41.6122,41.6122,2.933000000000007,0.0,False,False,11,12,25,22,0.0,0.0,0.0014387851115316153,0.0010637238156050444,0.1760310591198504,3.972090780735016e-06,1.0299962013959885e-05,0.0,0.17856733198277652
9998,96,12587,16.037303725024685,41.6122,41.6122,2.933000000000007,0.0,False,False,11,13,25,22,0.0,0.0,0.001423839945346117,0.0010763409081846476,0.18972092005424201,3.840075805783272e-06,1.03791244328022e-05,0.0,0.19225488207302988
9998,97,12734,16.216567275114357,41.6122,41.6122,2.933000000000007,0.0,False,False,11,14,25,22,0.0,0.0,0.0014331459533423185,0.0010521609801799059,0.1767439958639443,3.61795537173748e-06,9.797979146242142e-06,0.0,0.179262031102553
9998,98,12897,16.410175502998754,41.6122,41.6122,2.933000000000007,0.0,False,False,11,15,25,22,0.0,0.0,0.001393982209265232,0.001133661950007081,0.19104737020097673,3.474997356534004e-06,8.62102024257183e-06,0.0,0.19360506813973188
9998,99,13016,16.55635033501312,41.6122,41.6122,2.933000000000007,0.0,False,False,11,16,25,22,0.0,0.0,0.0014705830253660679,0.0011550129856914282,0.14351777778938413,3.230990841984749e-06,9.744195267558098e-06,0.0,0.14617502014152706
9998,100,13190,16.770217034965754,41.6722,41.6722,2.993000000000002,0.05999999999999517,True,True,11,0,25,22,0.0,0.0,0.001434569014236331,0.0010761090088635683,0.21131542208604515,9.189825505018234e-06,9.980984032154083e-06,5.539180710911751e-05,0.21392061305232346
9998,101,13354,16.970458957133815,41.6722,41.6722,2.993000000000002,0.0,False,False,10,1,25,20,0.0,0.0,0.0013155080378055573,0.0010541260708123446,0.19778115791268647,3.830995410680771e-06,1.0150019079446793e-05,0.0,0.20018488191999495
9998,102,13504,17.155762064969167,41.6722,41.6722,2.993000000000002,0.0,False,False,10,2,25,20,0.0,0.0,0.0013400709722191095,0.0010534189641475677,0.18287448794580996,3.664987161755562e-06,9.85199585556984e-06,0.0,0.18530153203755617
9998,103,13617,17.295961766969413,41.6722,41.6722,2.993000000000002,0.0,False,False,10,3,25,20,0.0,0.0,0.001285596052184701,0.0011888418812304735,0.137691784882918,3.113178536295891e-06,8.704839274287224e-06,0.0,0.14019598509185016
9998,104,13733,17.43994916207157,41.6722,41.6722,2.993000000000002,0.0,False,False,10,4,25,20,0.0,0.0,0.0012160360347479582,0.0010951010044664145,0.14164444198831916,3.7758145481348038e-06,1.020706258714199e-05,0.0,0.14398782490752637
9998,105,13862,17.599873785162345,41.6722,41.6722,2.993000000000002,0.0,False,False,10,5,25,20,0.0,0.0,0.001295554917305708,0.0010778219439089298,0.15751640894450247,3.872904926538467e-06,1.058005727827549e-05,0.0,0.15992320608347654
9998,106,14018,17.793286278145388,41.6722,41.6722,2.993000000000002,0.0,False,False,10,6,25,20,0.0,0.0,0.0012872139923274517,0.0011497440282255411,0.19093986810185015,3.9960723370313644e-06,1.0459916666150093e-05,0.0,0.19341100612655282
9998,107,14173,17.985331691103056,41.6722,41.6722,2.993000000000002,0.0,False,False,10,7,25,20,0.0,0.0,0.0013056620955467224,0.0010898748878389597,0.1896143581252545,3.742985427379608e-06,9.421957656741142e-06,0.0,0.19204193097539246
9998,108,14290,18.13042254606262,41.6722,41.6722,2.993000000000002,0.0,False,False,10,8,25,20,0.0,0.0,0.0012424660380929708,0.0010664230212569237,0.14274849882349372,3.522029146552086e-06,1.1424068361520767e-05,0.0,0.145091607933864
9998,109,14460,18.34106477815658,41.6722,41.6722,2.993000000000002,0.0,False,False,10,9,25,20,0.0,0.0,0.001303949160501361,0.001090839970856905,0.2082111770287156,3.856141120195389e-06,1.0110903531312943e-05,0.0,0.21063954010605812
9998,110,14597,18.511112299980596,41.6722,41.6722,2.993000000000002,0.0,False,False,10,10,25,20,0.0,0.0,0.001292198896408081,0.0011130338534712791,0.16760640195570886,5.461042746901512e-06,9.834067896008492e-06,4.9220165237784386e-05,0.1700948909856379
9998,111,14739,18.687115450156853,41.6722,41.6722,2.993000000000002,0.0,False,False,11,11,25,22,0.0,0.0,0.001439495012164116,0.0010730409994721413,0.1734059420414269,3.6531127989292145e-06,9.977957233786583e-06,0.0,0.17595243896357715
9998,112,14901,18.888855193043128,41.6722,41.6722,2.993000000000002,0.0,False,False,11,12,25,22,0.0,0.0,0.0014157230034470558,0.001069011865183711,0.19921928993426263,3.885943442583084e-06,1.0791001841425896e-05,0.0,0.20173871703445911
9998,113,15058,19.083956125192344,41.6722,41.6722,2.993000000000002,0.0,False,False,11,13,25,22,0.0,0.0,0.0014251419343054295,0.001074732979759574,0.19256486394442618,4.055909812450409e-06,1.1072959750890732e-05,0.0,0.195099645992741
9998,114,15242,19.31216459115967,41.6722,41.6722,2.993000000000002,0.0,False,False,11,14,25,22,0.0,0.0,0.001418770058080554,0.0010593149345368147,0.2256939080543816,3.911089152097702e-06,1.0539079084992409e-05,0.0,0.22820618003606796
9998,115,15409,19.51931238011457,41.6722,41.6722,2.993000000000002,0.0,False,False,11,15,25,22,0.0,0.0,0.0014277941081672907,0.0010723390150815248,0.2046115139964968,3.8959551602602005e-06,1.0548857972025871e-05,0.0,0.2071461919695139
9998,116,15627,19.78938728105277,41.6722,41.6722,2.993000000000002,0.0,False,False,11,16,25,22,0.0,0.0,0.0014415851328521967,0.0010512149892747402,0.26754710311070085,3.7581194192171097e-06,9.922077879309654e-06,0.0,0.2700726829934865
9998,117,15787,19.98778766905889,41.6722,41.6722,2.993000000000002,0.0,False,False,11,17,25,22,0.0,0.0,0.0014431599993258715,0.0010561910457909107,0.19586560199968517,3.775116056203842e-06,9.566079825162888e-06,0.0,0.19839849788695574
9998,118,16077,20.346577571006492,41.6722,41.6722,2.993000000000002,0.0,False,False,11,18,25,22,0.0,0.0,0.0014128529001027346,0.0010678661055862904,0.35627447394654155,4.069879651069641e-06,1.0155141353607178e-05,0.0,0.35878893500193954
9998,119,16287,20.606781541137025,41.6722,41.6722,2.993000000000002,0.0,False,False,11,19,25,22,0.0,0.0,0.0014199349097907543,0.0010617559310048819,0.2576864450238645,3.5599805414676666e-06,1.0424060747027397e-05,0.0,0.26020261482335627
9998,120,16444,20.80177861615084,41.6722,41.6722,2.993000000000002,0.0,False,False,11,20,25,22,0.0,0.0,0.0014127730391919613,0.0010585649870336056,0.19248845614492893,5.44707290828228e-06,1.0037096217274666e-05,5.3731026127934456e-05,0.19504911894910038
9998,121,16572,20.960667917039245,41.6722,41.6722,2.993000000000002,0.0,False,False,12,21,25,24,0.0,0.0,0.0015819300897419453,0.0010815069545060396,0.1561339960899204,4.173954948782921e-06,1.1082040145993233e-05,0.0,0.15883439499884844
9998,122,16689,21.10630295611918,41.6722,41.6722,2.993000000000002,0.0,False,False,12,22,25,24,0.0,0.0,0.0015464890748262405,0.001089699799194932,0.1429618129041046,3.798864781856537e-06,1.0495074093341827e-05,0.0,0.14563183998689055
9998,123,16810,21.256724814185873,41.6722,41.6722,2.993000000000002,0.0,False,False,12,23,25,24,0.0,0.0,0.0015535110142081976,0.0011062510311603546,0.14772642008028924,3.827037289738655e-06,1.0038027539849281e-05,0.0,0.15042024687863886
9998,124,16942,21.420971777057275,41.6722,41.6722,2.993000000000002,0.0,False,False,12,24,25,24,0.0,0.0,0.0015574861317873001,0.001117374049499631,0.16153785702772439,3.5990960896015167e-06,9.434996172785759e-06,0.0,0.16424389905296266
9998,125,17107,21.625828969990835,41.6722,41.6722,2.993000000000002,0.0,False,False,12,25,25,24,0.0,0.0,0.0014763560611754656,0.0011361369397491217,0.20221235393546522,3.6801211535930634e-06,9.82312485575676e-06,0.0,0.20485634496435523
9998,126,17279,21.83926289109513,41.6722,41.6722,2.993000000000002,0.0,False,False,12,26,25,24,0.0,0.0,0.0015653062146157026,0.0011060710530728102,0.21072931797243655,3.6158598959445953e-06,1.0274816304445267e-05,0.0,0.21343318209983408
9998,127,17464,22.068785547977313,41.6722,41.6722,2.993000000000002,0.0,False,False,12,27,25,24,0.0,0.0,0.0015428080223500729,0.001066291006281972,0.22687846794724464,3.867084160447121e-06,9.947922080755234e-06,0.0,0.22952044405974448
9998,128,17595,22.231767456047237,41.6722,41.6722,2.993000000000002,0.0,False,False,12,28,25,24,0.0,0.0,0.0015455700922757387,0.0010981610976159573,0.1603032920975238,3.8000289350748062e-06,1.1396128684282303e-05,0.0,0.16298203892074525
9998,129,17785,22.467105850111693,41.6722,41.6722,2.993000000000002,0.0,False,False,12,29,25,24,0.0,0.0,0.0015699041541665792,0.0010832820553332567,0.23264839593321085,3.8619618862867355e-06,1.0099029168486595e-05,0.0,0.2353353970684111
9998,130,17931,22.64846943411976,41.6722,41.6722,2.993000000000002,0.0,False,False,12,30,25,24,0.0,0.0,0.0015847999602556229,0.0010878839530050755,0.17865464789792895,5.128094926476479e-06,1.0291812941432e-05,5.1476992666721344e-05,0.18141377484425902
9998,131,18053,22.79911825596355,41.6722,41.6722,2.993000000000002,0.0,False,False,13,31,25,26,0.0,0.0,0.001694230129942298,0.0010880311019718647,0.14777971408329904,3.5758130252361298e-06,1.0136980563402176e-05,0.0,0.150595358107239
9998,132,18182,22.958352284040302,41.6722,41.6722,2.993000000000002,0.0,False,False,13,32,25,26,0.0,0.0,0.0016616999637335539,0.001080451998859644,0.15645792800933123,3.444962203502655e-06,9.637093171477318e-06,0.0,0.15923242294229567
9998,133,18339,23.15258154203184,41.6722,41.6722,2.993000000000002,0.0,False,False,13,33,25,26,0.0,0.0,0.0016726800240576267,0.001076095039024949,0.19144685589708388,3.538094460964203e-06,9.967014193534851e-06,0.0,0.1942276549525559
9998,134,18494,23.337662048172206,41.6722,41.6722,2.993000000000002,0.0,False,False,13,34,25,26,0.0,0.0,0.001670581055805087,0.0010836368892341852,0.18229223391972482,3.7159770727157593e-06,1.0100891813635826e-05,0.0,0.18507888307794929
9998,135,18626,23.499373405007645,41.6722,41.6722,2.993000000000002,0.0,False,False,13,35,25,26,0.0,0.0,0.0016794370021671057,0.0010752980597317219,0.15892223990522325,3.588153049349785e-06,1.040799543261528e-05,0.0,0.16171000408940017
9998,136,18722,23.61350172618404,41.6722,41.6722,2.993000000000002,0.0,False,False,13,36,25,26,0.0,0.0,0.0017022578977048397,0.0010916439350694418,0.11130022187717259,3.5339035093784332e-06,1.002592034637928e-05,0.0,0.11412690905854106
9998,137,18849,23.77168542216532,41.6722,41.6722,2.993000000000002,0.0,False,False,13,37,25,26,0.0,0.0,0.0017436668276786804,0.001082892995327711,0.15532303298823535,3.643101081252098e-06,9.855953976511955e-06,0.0,0.15818141982890666
9998,138,18951,23.897298609139398,41.6722,41.6722,2.993000000000002,0.0,False,False,13,38,25,26,0.0,0.0,0.0016634969506412745,0.0010876799933612347,0.12282761791720986,3.908993676304817e-06,9.794952347874641e-06,0.0,0.1256114470306784
9998,139,19078,24.05227824510075,41.6722,41.6722,2.993000000000002,0.0,False,False,13,39,25,26,0.0,0.0,0.0017261991742998362,0.0011242660693824291,0.15209535416215658,3.763008862733841e-06,9.862007573246956e-06,0.0,0.15497819310985506
9998,140,19219,24.22504274197854,41.6722,41.6722,2.993000000000002,0.0,False,False,13,40,25,26,0.0,0.0,0.0016981919761747122,0.001087048090994358,0.16994371614418924,5.254056304693222e-06,1.0340940207242966e-05,4.8218993470072746e-05,0.17281186417676508
9998,141,19363,24.39899408002384,41.6722,41.6722,2.993000000000002,0.0,False,False,14,41,25,28,0.0,0.0,0.0017797357868403196,0.0010866359807550907,0.17100012698210776,3.573950380086899e-06,1.0607065632939339e-05,0.0,0.17390129808336496
9998,142,19481,24.54603566112928,41.6722,41.6722,2.993000000000002,0.0,False,False,14,42,25,28,0.0,0.0,0.001754265045747161,0.001155015081167221,0.14409835007973015,3.3329706639051437e-06,1.0119052603840828e-05,0.0,0.1470395049545914
9998,143,19600,24.693462428171188,41.6722,41.6722,2.993000000000002,0.0,False,False,14,43,25,28,0.0,0.0,0.0017900231759995222,0.0011210839729756117,0.14448160794563591,3.2079406082630157e-06,1.0380055755376816e-05,0.0,0.1474253588821739
9998,144,19739,24.864271036116406,41.6722,41.6722,2.993000000000002,0.0,False,False,14,44,25,28,0.0,0.0,0.0017933889757841825,0.0011257268488407135,0.1678549840580672,3.5921111702919006e-06,1.0176096111536026e-05,0.0,0.17080669989809394
9998,145,19881,25.0382955360692,41.6722,41.6722,2.993000000000002,0.0,False,False,14,45,25,28,0.0,0.0,0.001762458123266697,0.0011330379638820887,0.171094672055915,3.686174750328064e-06,1.013302244246006e-05,0.0,0.1740229269489646
9998,146,20018,25.20189412916079,41.6722,41.6722,2.993000000000002,0.0,False,False,14,46,25,28,0.0,0.0,0.0018037520349025726,0.0011232439428567886,0.16063808696344495,3.6749988794326782e-06,9.948154911398888e-06,0.0,0.16359675605781376
9998,147,20121,25.33062872197479,41.6722,41.6722,2.993000000000002,0.0,False,False,14,47,25,28,0.0,0.0,0.0018857538234442472,0.0011577701661735773,0.12565852678380907,3.5190023481845856e-06,1.0092975571751595e-05,0.0,0.1287332628853619
9998,148,20258,25.495761811966076,41.6722,41.6722,2.993000000000002,0.0,False,False,14,48,25,28,0.0,0.0,0.0017680260352790356,0.001117402920499444,0.16221385006792843,3.2370444387197495e-06,1.0254094377160072e-05,0.0,0.16513175796717405
9998,149,20381,25.6430452670902,41.6722,41.6722,2.993000000000002,0.0,False,False,14,49,25,28,0.0,0.0,0.0017624469473958015,0.0011356878094375134,0.14435186702758074,3.5660341382026672e-06,9.984942153096199e-06,0.0,0.1472815580200404
9998,150,20484,25.76622562413104,41.6722,41.6722,2.993000000000002,0.0,False,False,14,50,25,28,0.0,0.0,0.0017804598901420832,0.001114568905904889,0.1202501030638814,4.942063242197037e-06,1.0124873369932175e-05,4.725297912955284e-05,0.12322653410956264
9998,151,20609,25.922282085986808,41.6722,41.6722,2.993000000000002,0.0,False,False,15,51,25,30,0.0,0.0,0.002027565846219659,0.0011445300187915564,0.1528033809736371,3.868015483021736e-06,9.327195584774017e-06,0.0,0.15600657393224537
9998,152,20764,26.112514187116176,41.6722,41.6722,2.993000000000002,0.0,False,False,15,52,25,30,0.0,0.0,0.0019014948047697544,0.0010917990002781153,0.18720571300946176,3.61492857336998e-06,9.906943887472153e-06,0.0,0.1902311749290675
9998,153,20906,26.283496365183964,41.6722,41.6722,2.993000000000002,0.0,False,False,15,53,25,30,0.0,0.0,0.0018925699405372143,0.0011118189431726933,0.1679445100016892,3.563007339835167e-06,8.320203050971031e-06,0.0,0.17097851494327188
9998,154,21044,26.45430436404422,41.6722,41.6722,2.993000000000002,0.0,False,False,15,54,25,30,0.0,0.0,0.001993378158658743,0.001077891094610095,0.1677073568571359,3.505963832139969e-06,9.818002581596375e-06,0.0,0.17080892901867628
9998,155,21199,26.644795806147158,41.6722,41.6722,2.993000000000002,0.0,False,False,15,55,25,30,0.0,0.0,0.0019516840111464262,0.0010807621292769909,0.1874262560158968,3.2759271562099457e-06,9.558862075209618e-06,0.0,0.1904896309133619
9998,156,21344,26.823898697970435,41.6722,41.6722,2.993000000000002,0.0,False,False,15,56,25,30,0.0,0.0,0.0019071069546043873,0.0011348971165716648,0.17602846794761717,3.150198608636856e-06,1.0171905159950256e-05,0.0,0.17910214886069298
9998,157,21456,26.961213428992778,41.6722,41.6722,2.993000000000002,0.0,False,False,15,57,25,30,0.0,0.0,0.0018840460106730461,0.0010995878838002682,0.13429813389666378,3.180932253599167e-06,1.0251998901367188e-05,0.0,0.13731299783103168
9998,158,21614,27.14881276106462,41.6722,41.6722,2.993000000000002,0.0,False,False,15,58,25,30,0.0,0.0,0.001893501030281186,0.0012376629747450352,0.18443570798262954,2.7390196919441223e-06,8.811941370368004e-06,0.0,0.18759615998715162
9998,159,21786,27.36236962210387,41.6722,41.6722,2.993000000000002,0.0,False,False,15,59,25,30,0.0,0.0,0.002008975949138403,0.0010697979014366865,0.21044740895740688,3.7408899515867233e-06,9.385170415043831e-06,0.0,0.21355610201135278
9998,160,21926,27.532801358029246,41.6722,41.6722,2.993000000000002,0.0,False,False,15,60,25,30,0.0,0.0,0.0018602178897708654,0.001102224923670292,0.1674350209068507,5.499925464391708e-06,9.560026228427887e-06,4.256889224052429e-05,0.1704734859522432
9998,161,22035,27.66271285712719,41.6722,41.6722,2.993000000000002,0.0,False,False,16,61,25,32,0.0,0.0,0.0020233059767633677,0.0010811500251293182,0.12673155893571675,2.8980430215597153e-06,8.5500068962574e-06,0.0,0.12986547010950744
9998,162,22186,27.846098496112972,41.6722,41.6722,2.993000000000002,0.0,False,False,16,62,25,32,0.0,0.0,0.00215598801150918,0.0010652430355548859,0.18013337813317776,3.6640558391809464e-06,1.024315133690834e-05,0.0,0.18338650302030146
9998,163,22304,27.987017955165356,41.6722,41.6722,2.993000000000002,0.0,False,False,16,63,25,32,0.0,0.0,0.0020204540342092514,0.0011159891728311777,0.13775058812461793,3.2780226320028305e-06,8.622882887721062e-06,0.0,0.14091560407541692
9998,164,22453,28.171469359192997,41.6722,41.6722,2.993000000000002,0.0,False,False,16,64,25,32,0.0,0.0,0.0021019030828028917,0.0010740631259977818,0.18124557402916253,3.4780241549015045e-06,9.558163583278656e-06,0.0,0.18445148202590644
9998,165,22572,28.31323761306703,41.6722,41.6722,2.993000000000002,0.0,False,False,16,65,25,32,0.0,0.0,0.0019995798356831074,0.00111438799649477,0.13862236496061087,2.8081703931093216e-06,8.224043995141983e-06,0.0,0.14176493790000677
9998,166,22692,28.459279414033517,41.6722,41.6722,2.993000000000002,0.0,False,False,16,66,25,32,0.0,0.0,0.0021364360582083464,0.0010797709692269564,0.142795633058995,3.5120174288749695e-06,9.292969480156898e-06,0.0,0.14604189107194543
9998,167,22786,28.57168956613168,41.6722,41.6722,2.993000000000002,0.0,False,False,16,67,25,32,0.0,0.0,0.002019851002842188,0.0011089181061834097,0.10925000486895442,2.8579961508512497e-06,8.349074050784111e-06,0.0,0.11240711901336908
9998,168,22882,28.686342352069914,41.6722,41.6722,2.993000000000002,0.0,False,False,16,68,25,32,0.0,0.0,0.002164863981306553,0.0010532240848988295,0.11140437191352248,3.3371616154909134e-06,9.397044777870178e-06,0.0,0.11465284787118435
9998,169,23046,28.890262464992702,41.6722,41.6722,2.993000000000002,0.0,False,False,16,69,25,32,0.0,0.0,0.002141061006113887,0.0010741539299488068,0.20067325700074434,3.2458920031785965e-06,1.0107876732945442e-05,0.0,0.20391915482468903
9998,170,23179,29.04871998098679,41.6722,41.6722,2.993000000000002,0.0,False,False,16,70,25,32,0.0,0.0,0.0020010219886898994,0.0010842890478670597,0.1553396370727569,4.0191225707530975e-06,7.903901860117912e-06,4.0537212044000626e-05,0.15849975310266018
9998,171,23305,29.202683709096164,41.6722,41.6722,2.993000000000002,0.0,False,False,17,71,25,34,0.0,0.0,0.002225361065939069,0.0010869810357689857,0.1505743160378188,3.4081749618053436e-06,9.665032848715782e-06,0.0,0.15391851379536092
9998,172,23453,29.38715922506526,41.6722,41.6722,2.993000000000002,0.0,False,False,17,72,25,34,0.0,0.0,0.002270773984491825,0.001064084004610777,0.18110762885771692,3.6589335650205612e-06,1.0415911674499512e-05,0.0,0.18447435204871
9998,173,23547,29.50531668611802,41.6722,41.6722,2.993000000000002,0.0,False,False,17,73,25,34,0.0,0.0,0.002167603000998497,0.0011349017731845379,0.11482067918404937,3.3800024539232254e-06,8.78283753991127e-06,0.0,0.1181542610283941
9998,174,23668,29.6563904681243,41.6722,41.6722,2.993000000000002,0.0,False,False,17,74,25,34,0.0,0.0,0.0021480789873749018,0.0011348240077495575,0.14775922591798007,3.4759286791086197e-06,9.512994438409805e-06,0.0,0.15107302693650126
9998,175,23774,29.789251763140783,41.6722,41.6722,2.993000000000002,0.0,False,False,17,75,25,34,0.0,0.0,0.0021401201374828815,0.0011140930000692606,0.12957506394013762,3.1029339879751205e-06,9.105075150728226e-06,0.0,0.13285904191434383
9998,176,23900,29.946326349163428,41.6722,41.6722,2.993000000000002,0.0,False,False,17,76,25,34,0.0,0.0,0.0021669708658009768,0.0011323089711368084,0.1537440011743456,3.139954060316086e-06,9.014969691634178e-06,0.0,0.15707291895523667
9998,177,24004,30.076522317016497,41.6722,41.6722,2.993000000000002,0.0,False,False,17,77,25,34,0.0,0.0,0.0021361890248954296,0.0011215449776500463,0.12690742500126362,3.1120143830776215e-06,8.614035323262215e-06,0.0,0.130194041877985
9998,178,24183,30.299558797152713,41.6722,41.6722,2.993000000000002,0.0,False,False,17,78,25,34,0.0,0.0,0.00214840704575181,0.0011098070535808802,0.21974687185138464,3.288034349679947e-06,9.65106301009655e-06,0.0,0.2230355371721089
9998,179,24294,30.43839163100347,41.6722,41.6722,2.993000000000002,0.0,False,False,17,79,25,34,0.0,0.0,0.002142174867913127,0.0011539419647306204,0.1355034508742392,2.993037924170494e-06,9.397044777870178e-06,0.0,0.13883091998286545
9998,180,24412,30.586008918005973,41.6722,41.6722,2.993000000000002,0.0,False,False,17,80,25,34,0.0,0.0,0.0021285100374370813,0.0011414340697228909,0.14431387279182673,4.898989573121071e-06,9.10414382815361e-06,4.3544918298721313e-05,0.14765942702069879
